Population,loc01,loc02,loc03,loc04,loc05,loc06,loc07,loc08,loc09,loc10,loc11,loc12,loc13,loc14,loc15,loc16,loc17,loc18,loc19,loc20
1,A:A,A:A,A:A,B:B,A:B,B:B,A:A,B:B,B:B,A:A,B:B,A:A,B:B,B:B,B:B,B:B,A:A,A:B,A:A,A:A
1,A:A,A:B,A:A,A:A,A:B,B:B,A:B,B:B,A:B,A:B,B:B,B:B,B:B,B:B,B:B,B:B,A:B,A:A,A:A,A:A
1,A:A,A:A,A:A,A:B,A:B,B:B,A:A,B:B,A:B,A:B,B:B,A:B,B:B,A:B,B:B,B:B,A:B,A:B,A:A,A:A
1,A:A,B:B,A:A,A:B,A:A,B:B,A:A,B:B,A:A,A:B,B:B,B:B,B:B,B:B,A:B,A:A,B:B,A:A,A:B,A:A
1,A:A,A:B,A:B,A:B,B:B,B:B,A:B,B:B,B:B,A:A,B:B,A:A,A:B,B:B,B:B,B:B,A:B,A:A,A:A,A:A
1,A:A,A:A,A:A,B:B,B:B,B:B,A:A,B:B,B:B,A:A,B:B,A:B,B:B,B:B,A:B,B:B,A:B,A:A,A:A,A:A
1,A:A,B:B,A:A,B:B,B:B,B:B,A:B,B:B,A:B,A:B,B:B,A:B,B:B,B:B,B:B,B:B,A:B,A:B,A:A,A:A
1,A:A,A:B,A:B,A:B,A:B,B:B,A:A,B:B,A:B,A:A,B:B,A:B,B:B,B:B,B:B,A:B,A:B,A:B,A:A,A:B
1,A:A,A:B,A:A,A:B,B:B,B:B,A:B,B:B,A:B,A:A,B:B,B:B,B:B,B:B,B:B,B:B,B:B,A:A,A:A,A:A
1,A:A,A:B,A:B,B:B,A:B,B:B,A:B,B:B,B:B,A:A,B:B,B:B,B:B,B:B,B:B,B:B,A:B,A:A,A:A,A:A
1,A:A,A:B,A:A,B:B,B:B,B:B,A:A,B:B,B:B,A:B,B:B,A:B,B:B,B:B,A:B,B:B,A:B,A:B,A:A,A:A
1,A:A,A:B,A:A,B:B,B:B,B:B,A:B,B:B,B:B,A:A,B:B,B:B,B:B,B:B,A:B,B:B,B:B,A:B,A:A,A:A
1,A:A,A:A,A:A,B:B,A:B,B:B,A:A,B:B,A:B,A:A,B:B,B:B,B:B,B:B,B:B,B:B,A:B,A:B,A:A,A:B
1,A:A,A:B,A:A,B:B,B:B,B:B,A:A,B:B,A:A,A:A,B:B,B:B,A:B,B:B,B:B,B:B,A:B,A:B,A:A,A:A
1,A:A,A:B,A:A,B:B,A:B,B:B,A:B,B:B,A:A,A:B,B:B,A:B,B:B,B:B,B:B,B:B,B:B,A:B,A:B,A:B
1,A:A,A:B,A:A,A:B,A:B,B:B,A:A,B:B,A:B,A:B,B:B,B:B,B:B,B:B,B:B,B:B,B:B,A:A,A:A,A:A
1,A:A,A:B,A:A,A:B,B:B,B:B,A:B,B:B,A:A,A:A,B:B,B:B,B:B,B:B,B:B,B:B,A:B,A:B,A:A,A:A
1,A:A,A:B,A:A,A:B,B:B,B:B,B:B,B:B,B:B,A:B,B:B,B:B,B:B,A:A,B:B,B:B,A:B,A:A,A:A,A:B
1,A:A,A:A,A:A,B:B,A:B,B:B,A:B,B:B,A:B,A:A,B:B,B:B,B:B,B:B,B:B,B:B,A:B,A:B,A:A,A:A
1,A:A,A:A,A:A,B:B,A:A,B:B,A:A,B:B,A:A,A:A,B:B,B:B,B:B,B:B,A:B,B:B,B:B,A:A,A:A,A:A
1,A:A,A:B,A:A,B:B,A:B,B:B,A:A,B:B,A:B,A:B,B:B,B:B,B:B,B:B,B:B,A:B,B:B,A:A,A:A,A:B
1,A:B,A:B,A:A,B:B,B:B,B:B,B:B,B:B,B:B,A:B,B:B,A:A,B:B,B:B,B:B,B:B,B:B,A:B,A:B,A:A
1,A:A,A:A,A:A,A:B,A:B,B:B,A:B,B:B,A:B,A:A,B:B,A:B,B:B,B:B,B:B,B:B,A:B,A:A,A:A,A:A
1,A:A,B:B,A:A,B:B,A:A,B:B,A:B,B:B,A:B,A:B,B:B,B:B,A:B,B:B,B:B,B:B,A:B,A:A,A:A,A:A
1,A:A,A:B,A:A,A:B,B:B,B:B,A:B,B:B,A:B,B:B,B:B,A:B,B:B,B:B,B:B,A:B,B:B,A:A,A:A,A:B
1,A:A,B:B,A:A,A:B,B:B,B:B,A:A,B:B,A:B,A:A,B:B,A:B,B:B,B:B,B:B,A:B,A:B,A:A,A:A,A:B
1,A:A,A:B,A:A,A:B,A:B,B:B,A:B,B:B,A:B,A:A,B:B,A:B,B:B,B:B,B:B,A:B,B:B,A:A,A:B,A:A
1,A:B,A:A,A:A,B:B,A:B,B:B,A:B,B:B,B:B,A:A,B:B,A:A,B:B,B:B,B:B,B:B,A:B,A:A,A:A,A:A
1,A:A,A:B,A:A,B:B,B:B,B:B,A:A,B:B,A:A,A:B,B:B,B:B,B:B,B:B,A:B,B:B,B:B,A:B,A:A,A:A
1,A:A,A:B,A:B,A:B,B:B,B:B,B:B,B:B,A:B,A:A,B:B,A:B,A:B,B:B,B:B,B:B,A:A,A:B,A:A,A:A
1,A:A,A:B,A:A,A:B,A:A,B:B,B:B,B:B,B:B,A:A,B:B,A:B,B:B,A:B,B:B,A:B,A:B,A:A,A:A,A:A
1,A:A,A:B,A:A,A:B,A:B,B:B,A:B,B:B,B:B,A:A,B:B,B:B,B:B,B:B,B:B,B:B,B:B,A:B,A:A,A:A
1,A:A,A:A,A:A,B:B,A:B,B:B,A:B,B:B,A:A,A:B,B:B,B:B,B:B,B:B,B:B,B:B,A:B,A:A,A:A,A:A
1,A:A,A:A,A:A,A:B,B:B,B:B,A:A,B:B,A:B,A:B,B:B,A:A,A:B,B:B,B:B,A:B,A:B,A:B,A:A,A:A
1,A:A,A:B,A:A,B:B,A:B,B:B,A:A,B:B,A:B,A:B,B:B,B:B,B:B,B:B,A:B,B:B,A:B,A:A,A:A,A:B
1,A:A,A:B,B:B,B:B,A:A,B:B,A:B,B:B,A:B,A:A,B:B,A:B,B:B,B:B,B:B,B:B,A:B,A:A,A:A,A:A
1,A:A,A:B,A:A,B:B,A:A,B:B,A:B,B:B,B:B,A:A,B:B,A:A,B:B,B:B,B:B,A:B,A:B,A:A,A:B,A:B
1,A:A,A:A,A:A,B:B,B:B,B:B,A:A,B:B,A:B,A:A,B:B,A:B,B:B,B:B,A:B,B:B,A:B,A:A,A:A,A:A
1,A:A,A:B,A:A,B:B,A:B,B:B,A:A,B:B,A:B,A:B,B:B,A:B,B:B,B:B,B:B,B:B,A:B,B:B,A:A,A:A
1,A:A,A:A,A:A,A:B,B:B,B:B,A:B,B:B,B:B,A:B,B:B,A:B,B:B,A:B,B:B,B:B,A:B,A:A,A:B,A:B
1,A:A,A:A,A:A,B:B,A:B,B:B,A:A,B:B,A:B,A:B,B:B,A:B,B:B,B:B,B:B,B:B,B:B,A:A,A:A,A:B
1,A:A,A:A,A:A,B:B,B:B,B:B,A:B,B:B,A:B,A:A,B:B,B:B,B:B,B:B,A:B,B:B,A:B,A:B,A:A,A:A
1,A:A,A:B,A:A,B:B,A:A,B:B,A:B,B:B,A:B,A:A,B:B,B:B,B:B,B:B,A:B,B:B,A:B,A:A,A:A,A:A
1,A:A,A:B,A:A,B:B,A:B,B:B,B:B,B:B,A:B,A:A,B:B,A:A,B:B,B:B,A:B,B:B,B:B,A:A,A:A,A:B
1,A:A,A:B,A:A,B:B,B:B,B:B,A:B,B:B,B:B,A:A,B:B,B:B,B:B,B:B,B:B,A:B,B:B,A:A,A:A,A:A
1,A:A,A:A,A:A,B:B,A:B,B:B,A:A,B:B,B:B,A:A,B:B,B:B,B:B,B:B,B:B,B:B,B:B,A:B,A:A,A:B
1,A:A,A:B,A:B,B:B,A:B,B:B,A:B,B:B,A:B,A:A,B:B,A:B,B:B,B:B,B:B,B:B,A:B,A:B,A:B,A:A
1,A:A,A:B,A:A,B:B,A:B,B:B,B:B,B:B,A:B,A:B,B:B,A:B,B:B,B:B,B:B,B:B,A:B,A:A,A:A,A:A
1,A:A,A:B,A:A,B:B,A:B,B:B,A:A,B:B,B:B,A:A,B:B,B:B,B:B,B:B,B:B,B:B,A:B,A:A,A:A,A:A
1,A:A,A:B,A:A,B:B,A:B,B:B,A:B,B:B,A:B,A:A,B:B,B:B,B:B,B:B,B:B,B:B,B:B,A:A,A:A,A:A
1,A:A,A:B,A:A,B:B,A:B,B:B,A:A,B:B,A:B,A:B,B:B,B:B,B:B,B:B,B:B,B:B,A:B,A:A,A:A,A:B
1,A:A,A:B,A:A,A:B,B:B,B:B,A:A,B:B,A:B,A:B,B:B,B:B,B:B,B:B,A:B,B:B,B:B,A:A,A:A,A:A
1,A:A,A:A,A:A,A:B,B:B,B:B,A:A,B:B,A:B,A:A,B:B,A:B,B:B,B:B,B:B,B:B,B:B,A:B,A:A,A:B
1,A:A,A:A,A:A,B:B,A:A,B:B,B:B,B:B,B:B,A:A,B:B,A:B,B:B,B:B,A:A,B:B,A:B,A:A,A:A,A:B
1,A:A,A:B,A:A,B:B,B:B,B:B,A:B,B:B,A:B,A:A,B:B,B:B,B:B,B:B,B:B,B:B,B:B,A:A,A:B,A:A
1,A:A,A:B,A:A,A:B,A:B,B:B,A:B,B:B,A:A,B:B,B:B,A:B,B:B,B:B,B:B,B:B,B:B,A:A,A:A,A:A
1,A:A,A:A,A:A,A:A,A:B,B:B,A:A,B:B,A:A,A:A,B:B,A:B,B:B,B:B,B:B,B:B,A:B,B:B,A:A,A:A
1,A:A,A:B,A:A,A:A,B:B,B:B,A:B,B:B,A:B,A:A,B:B,B:B,B:B,B:B,B:B,B:B,B:B,A:B,A:A,A:B
1,A:A,A:A,A:B,A:B,A:B,B:B,A:B,B:B,A:B,A:A,B:B,B:B,B:B,B:B,B:B,B:B,B:B,A:A,A:A,A:B
1,A:A,A:B,A:A,A:B,A:B,B:B,A:B,B:B,A:B,A:A,B:B,A:B,B:B,B:B,B:B,B:B,B:B,A:B,A:A,A:A
1,A:A,A:A,A:A,B:B,B:B,B:B,A:B,B:B,B:B,A:B,B:B,B:B,B:B,B:B,B:B,B:B,A:B,B:B,A:B,A:B
1,A:A,A:B,A:A,A:B,B:B,B:B,A:B,B:B,B:B,A:A,B:B,B:B,B:B,B:B,B:B,A:B,B:B,A:A,A:A,A:B
1,A:A,B:B,A:A,A:B,B:B,B:B,A:A,B:B,A:B,A:A,B:B,A:B,B:B,B:B,B:B,B:B,A:B,A:B,A:A,A:A
1,A:B,B:B,A:A,B:B,A:B,B:B,A:B,B:B,B:B,A:A,B:B,A:B,B:B,B:B,A:B,B:B,B:B,B:B,A:A,A:B
1,A:A,A:B,A:A,A:B,A:A,B:B,A:B,B:B,B:B,A:A,B:B,A:A,B:B,B:B,B:B,B:B,A:B,A:A,A:A,A:B
1,A:A,A:A,A:A,B:B,B:B,B:B,A:B,B:B,B:B,A:A,B:B,B:B,B:B,B:B,A:B,B:B,A:B,A:B,A:A,A:B
1,A:A,A:A,A:B,B:B,B:B,B:B,A:A,B:B,A:B,A:B,B:B,B:B,B:B,B:B,B:B,B:B,B:B,A:A,A:A,A:B
1,A:A,A:A,A:A,B:B,B:B,B:B,A:B,B:B,A:B,A:B,B:B,B:B,B:B,B:B,B:B,A:B,B:B,A:A,A:A,A:A
1,A:A,B:B,A:A,B:B,B:B,B:B,A:B,B:B,A:B,A:A,B:B,A:B,B:B,B:B,A:B,B:B,A:A,A:A,A:A,A:B
1,A:A,B:B,A:A,B:B,B:B,B:B,B:B,B:B,B:B,A:A,B:B,B:B,B:B,B:B,B:B,B:B,B:B,A:A,A:B,A:B
1,A:A,A:B,A:A,B:B,A:B,B:B,B:B,B:B,B:B,A:B,B:B,A:B,B:B,B:B,B:B,B:B,A:B,A:B,A:A,A:A
1,A:A,A:B,A:A,A:B,A:B,B:B,A:A,B:B,A:B,A:B,B:B,A:B,B:B,B:B,B:B,B:B,A:B,A:A,A:A,A:B
1,A:A,A:B,A:A,B:B,A:B,B:B,A:B,B:B,B:B,A:A,B:B,A:B,B:B,B:B,B:B,B:B,B:B,A:A,A:B,A:B
1,A:A,B:B,A:A,B:B,A:B,B:B,A:A,B:B,A:B,A:B,B:B,A:B,B:B,B:B,B:B,B:B,A:B,A:A,A:A,A:A
1,A:B,A:A,A:A,B:B,A:B,B:B,B:B,B:B,B:B,A:A,B:B,A:B,B:B,B:B,A:B,A:B,A:B,A:B,A:A,A:A
1,A:A,A:B,A:A,B:B,A:B,B:B,A:A,B:B,A:B,A:B,B:B,B:B,B:B,B:B,A:B,B:B,A:B,A:A,A:A,A:B
1,A:A,A:B,A:A,B:B,A:B,B:B,A:B,B:B,A:B,A:A,B:B,B:B,B:B,B:B,B:B,B:B,B:B,A:A,A:A,A:A
1,A:A,A:B,A:A,B:B,B:B,B:B,A:B,B:B,A:B,A:A,B:B,B:B,B:B,B:B,B:B,A:B,A:B,A:A,A:A,A:A
1,A:A,A:A,A:A,B:B,A:B,B:B,A:A,B:B,A:B,A:B,B:B,A:B,B:B,B:B,B:B,B:B,B:B,A:A,A:A,A:B
1,A:A,B:B,A:A,B:B,A:B,B:B,A:A,B:B,A:B,A:B,B:B,B:B,B:B,B:B,B:B,B:B,B:B,B:B,A:A,A:B
1,A:A,A:B,A:A,B:B,B:B,B:B,A:B,B:B,B:B,A:A,B:B,A:B,B:B,B:B,B:B,B:B,B:B,A:A,A:A,A:A
1,A:A,A:A,A:A,A:A,A:B,B:B,A:A,B:B,A:B,A:B,B:B,A:B,B:B,B:B,B:B,B:B,B:B,A:A,A:A,A:B
1,A:A,A:B,A:A,B:B,A:A,B:B,A:A,B:B,B:B,A:A,B:B,B:B,B:B,B:B,A:B,B:B,A:A,A:A,A:A,A:B
1,A:A,A:B,A:A,B:B,A:B,B:B,A:B,B:B,B:B,B:B,B:B,A:B,B:B,B:B,A:B,B:B,B:B,A:A,A:A,A:A
1,A:A,B:B,A:A,B:B,B:B,B:B,A:A,B:B,B:B,A:A,B:B,A:B,B:B,B:B,A:B,B:B,B:B,B:B,A:A,A:B
1,A:A,A:B,A:A,A:B,A:B,B:B,A:A,B:B,A:B,A:A,B:B,A:A,B:B,B:B,A:A,B:B,A:A,A:A,A:A,A:B
1,A:A,A:B,A:A,B:B,A:B,B:B,A:A,B:B,A:A,A:A,B:B,B:B,B:B,B:B,B:B,B:B,A:B,A:A,A:A,A:A
1,A:A,A:A,A:A,A:B,A:B,B:B,A:B,B:B,B:B,A:A,B:B,B:B,B:B,B:B,B:B,B:B,A:B,A:A,A:A,A:A
1,A:A,A:B,A:A,A:B,A:B,B:B,A:A,B:B,A:A,A:A,B:B,B:B,B:B,B:B,B:B,B:B,A:B,A:A,A:A,A:A
1,A:A,B:B,A:A,A:B,A:A,B:B,A:B,B:B,A:B,B:B,B:B,A:B,B:B,B:B,B:B,B:B,B:B,A:A,A:A,A:A
1,A:A,A:A,A:A,B:B,A:B,B:B,B:B,B:B,B:B,A:A,B:B,B:B,B:B,B:B,B:B,B:B,A:A,A:A,A:A,A:B
1,A:A,A:B,A:A,A:B,A:A,B:B,A:B,B:B,B:B,A:A,B:B,A:B,B:B,B:B,B:B,B:B,A:B,A:B,A:A,A:B
1,A:A,A:B,A:B,A:B,B:B,B:B,A:A,B:B,B:B,A:A,B:B,A:B,A:B,B:B,B:B,A:B,A:B,B:B,A:A,A:B
1,A:A,B:B,A:B,B:B,A:B,B:B,B:B,B:B,A:B,A:A,B:B,B:B,B:B,B:B,A:B,B:B,B:B,A:A,A:A,A:A
1,A:A,A:A,A:A,B:B,B:B,B:B,A:B,B:B,A:B,A:A,B:B,A:A,B:B,B:B,B:B,A:B,A:B,A:B,A:A,A:A
1,A:A,A:B,A:A,A:B,A:B,B:B,B:B,B:B,B:B,A:A,B:B,B:B,B:B,B:B,B:B,B:B,B:B,A:A,A:A,A:A
1,A:A,A:B,A:A,A:B,A:B,B:B,A:B,B:B,A:B,A:A,B:B,A:B,B:B,B:B,B:B,B:B,B:B,A:A,A:A,A:A
1,A:A,B:B,A:A,B:B,A:B,B:B,A:A,B:B,A:B,A:B,B:B,A:B,B:B,B:B,A:B,A:B,A:B,A:B,A:A,A:B
1,A:A,A:B,A:A,B:B,A:A,B:B,A:B,B:B,B:B,A:A,B:B,B:B,B:B,B:B,B:B,B:B,A:B,B:B,A:A,A:A
1,A:A,B:B,A:A,A:B,A:B,B:B,A:B,B:B,B:B,A:A,B:B,B:B,A:B,B:B,A:B,B:B,A:B,A:B,A:A,B:B
2,A:A,A:B,A:A,A:B,A:A,B:B,A:B,B:B,A:A,A:A,B:B,B:B,B:B,B:B,B:B,B:B,B:B,A:A,A:A,A:A
2,A:A,A:B,A:A,A:A,A:B,B:B,A:B,B:B,A:B,A:B,B:B,A:B,B:B,B:B,B:B,B:B,B:B,A:B,A:A,A:A
2,A:A,B:B,A:A,A:B,A:B,B:B,A:A,B:B,A:A,A:A,B:B,A:B,A:B,A:B,B:B,B:B,B:B,A:A,A:A,A:A
2,A:A,B:B,A:A,A:B,A:B,B:B,A:A,B:B,A:B,A:A,A:B,B:B,A:A,B:B,B:B,A:A,B:B,A:A,A:B,A:A
2,A:A,A:A,A:A,B:B,A:A,B:B,A:B,B:B,A:B,A:B,B:B,B:B,B:B,B:B,A:B,A:B,B:B,A:B,A:A,A:B
2,A:B,A:B,A:A,B:B,A:B,B:B,A:A,B:B,A:B,A:A,B:B,B:B,A:B,B:B,A:B,B:B,B:B,A:A,A:A,A:B
2,A:A,A:A,A:A,B:B,B:B,B:B,A:A,B:B,B:B,A:B,B:B,B:B,A:B,A:B,B:B,A:A,B:B,A:B,A:B,A:A
2,A:A,A:A,A:A,B:B,A:B,B:B,A:A,B:B,A:B,A:A,B:B,A:B,A:B,B:B,B:B,A:B,A:B,A:A,A:A,A:A
2,A:A,B:B,A:A,B:B,A:B,B:B,A:A,B:B,B:B,B:B,B:B,B:B,B:B,B:B,B:B,B:B,A:B,A:A,A:A,A:B
2,A:A,A:A,A:A,B:B,A:B,B:B,A:A,B:B,A:B,B:B,B:B,A:B,A:B,B:B,B:B,B:B,B:B,A:B,A:B,A:A
2,A:A,B:B,A:A,A:B,B:B,B:B,B:B,B:B,B:B,A:A,B:B,A:B,A:B,B:B,B:B,B:B,B:B,A:A,A:B,A:A
2,A:A,A:B,A:A,B:B,B:B,B:B,A:A,B:B,A:B,A:B,B:B,B:B,B:B,B:B,B:B,B:B,B:B,B:B,A:B,A:A
2,A:A,A:B,A:A,A:B,B:B,B:B,A:B,B:B,A:B,A:B,B:B,A:B,B:B,B:B,B:B,B:B,B:B,A:B,A:A,A:A
2,A:A,B:B,A:A,B:B,B:B,B:B,A:A,B:B,A:B,B:B,B:B,A:B,A:B,B:B,B:B,B:B,A:A,A:B,A:B,A:A
2,A:B,B:B,A:A,B:B,B:B,B:B,A:A,B:B,A:B,B:B,B:B,B:B,B:B,B:B,B:B,A:B,B:B,A:B,A:B,A:A
2,A:A,B:B,A:A,A:B,B:B,B:B,A:A,B:B,A:B,A:B,B:B,A:B,B:B,B:B,B:B,A:B,A:B,A:A,A:A,A:A
2,A:A,A:B,A:A,B:B,B:B,B:B,A:A,B:B,B:B,A:A,B:B,A:B,A:A,A:B,B:B,A:B,B:B,A:B,A:A,A:A
2,A:A,A:B,A:A,A:A,A:B,B:B,A:A,B:B,B:B,A:A,B:B,B:B,A:B,B:B,A:B,A:A,B:B,A:A,A:A,A:A
2,A:B,A:A,A:A,A:B,A:A,B:B,A:A,B:B,B:B,A:A,B:B,B:B,A:B,A:B,B:B,B:B,A:A,A:A,A:B,B:B
2,A:A,A:B,A:A,A:A,A:B,B:B,A:B,B:B,A:B,A:A,B:B,B:B,A:A,A:B,B:B,A:B,B:B,A:A,A:B,A:A
2,A:A,A:B,A:A,B:B,B:B,B:B,A:A,B:B,A:B,A:A,B:B,B:B,B:B,A:B,B:B,B:B,B:B,A:B,A:A,A:A
2,A:B,B:B,A:A,A:A,A:B,B:B,A:B,A:B,A:B,A:B,B:B,A:A,A:A,B:B,B:B,A:B,B:B,A:B,A:B,A:A
2,A:A,A:B,A:A,A:B,A:B,B:B,A:A,B:B,B:B,A:A,B:B,B:B,B:B,A:A,B:B,B:B,A:B,A:A,A:B,A:A
2,A:A,A:B,A:A,A:B,A:A,B:B,A:A,B:B,A:B,A:A,B:B,A:B,B:B,B:B,B:B,A:B,A:B,A:A,A:A,A:A
2,A:A,A:B,A:A,A:B,A:B,B:B,A:B,B:B,B:B,B:B,B:B,B:B,A:B,B:B,B:B,A:A,A:B,A:A,A:A,A:A
2,A:A,B:B,A:A,A:B,A:B,B:B,A:A,B:B,B:B,A:B,B:B,A:A,B:B,B:B,B:B,A:B,A:B,A:B,A:A,A:A
2,A:A,A:B,A:A,A:B,A:B,B:B,A:A,B:B,A:B,B:B,B:B,A:A,A:B,B:B,B:B,A:B,B:B,A:B,A:A,A:B
2,A:A,B:B,A:A,A:B,A:B,B:B,A:A,B:B,B:B,A:B,B:B,B:B,B:B,B:B,B:B,A:B,B:B,A:A,A:A,A:B
2,A:B,A:A,A:A,B:B,A:B,B:B,A:A,B:B,B:B,A:A,B:B,B:B,A:A,A:A,A:B,B:B,B:B,A:A,A:B,A:B
2,A:A,B:B,A:A,A:B,A:B,B:B,A:B,B:B,B:B,B:B,B:B,B:B,B:B,B:B,B:B,A:B,B:B,A:A,A:A,A:A
2,A:A,B:B,A:A,A:A,B:B,B:B,A:A,B:B,A:B,A:B,B:B,A:A,A:B,A:B,A:B,B:B,B:B,A:A,B:B,A:A
2,A:A,A:B,A:A,B:B,A:A,B:B,A:A,B:B,A:B,A:B,B:B,A:B,A:B,B:B,B:B,A:B,A:B,A:A,A:A,A:B
2,A:A,A:B,A:A,A:B,A:B,B:B,A:A,B:B,B:B,A:B,B:B,B:B,A:B,B:B,B:B,B:B,B:B,A:B,A:A,A:B
2,A:A,A:A,A:A,B:B,B:B,B:B,A:A,B:B,A:B,A:A,B:B,A:B,B:B,B:B,A:B,A:B,A:B,A:A,A:A,B:B
2,A:A,A:B,A:B,B:B,A:B,B:B,A:A,B:B,A:B,A:B,B:B,B:B,B:B,B:B,B:B,B:B,A:A,A:B,A:B,A:B
2,A:A,A:A,A:A,B:B,A:B,B:B,A:A,B:B,A:A,A:B,B:B,A:B,B:B,A:B,B:B,A:B,A:A,A:A,A:A,A:A
2,A:A,A:B,A:A,A:B,B:B,B:B,A:B,B:B,A:B,A:A,B:B,B:B,B:B,B:B,A:B,B:B,B:B,A:B,A:A,A:A
2,A:A,A:B,A:A,A:B,A:B,B:B,A:A,B:B,B:B,A:B,B:B,B:B,A:B,B:B,A:B,A:B,B:B,A:B,A:A,A:A
2,A:A,A:B,A:A,B:B,A:B,B:B,A:A,B:B,B:B,A:B,B:B,B:B,B:B,A:B,B:B,B:B,B:B,A:A,A:A,A:A
2,A:A,A:A,A:A,B:B,A:A,B:B,A:A,B:B,B:B,B:B,B:B,A:A,A:A,B:B,B:B,A:B,A:B,A:A,A:A,B:B
2,A:A,A:B,A:A,A:B,B:B,B:B,A:B,B:B,B:B,A:B,B:B,A:B,A:A,A:B,B:B,B:B,B:B,A:B,A:A,A:B
2,A:A,A:B,A:B,A:B,B:B,B:B,A:A,B:B,A:B,A:B,B:B,A:B,A:A,B:B,B:B,A:B,B:B,A:A,A:A,A:B
2,A:B,A:B,A:A,A:B,A:B,B:B,A:B,B:B,A:B,A:B,B:B,B:B,A:B,B:B,B:B,A:B,B:B,A:B,A:A,A:B
2,A:A,B:B,A:A,A:A,A:B,B:B,A:A,B:B,A:B,A:A,B:B,A:B,A:A,B:B,B:B,A:B,A:B,A:B,A:A,A:A
2,A:A,A:B,A:B,B:B,B:B,B:B,A:A,B:B,B:B,A:B,B:B,A:B,A:B,B:B,B:B,A:B,A:B,A:A,A:A,A:A
2,A:A,A:B,A:A,B:B,B:B,B:B,A:A,B:B,A:B,B:B,B:B,A:A,A:A,B:B,B:B,A:B,A:A,A:B,A:A,A:A
2,A:A,A:B,A:A,A:B,A:A,B:B,A:A,B:B,A:B,A:A,B:B,A:B,A:B,B:B,A:B,A:B,A:B,A:B,A:A,A:A
2,A:A,B:B,A:A,A:B,A:A,B:B,A:B,B:B,B:B,A:B,B:B,A:A,A:A,B:B,B:B,A:A,A:B,A:B,A:B,A:A
2,A:A,A:B,A:A,A:B,A:B,B:B,A:A,B:B,A:B,A:B,B:B,A:B,B:B,B:B,B:B,A:B,A:A,A:A,A:A,A:A
2,A:A,A:B,A:A,A:B,A:B,B:B,A:B,B:B,A:B,A:A,B:B,B:B,B:B,A:B,A:B,A:A,B:B,A:A,A:A,A:A
2,A:A,B:B,A:A,A:B,A:B,B:B,A:B,A:B,A:B,A:A,B:B,B:B,B:B,B:B,A:B,A:A,B:B,A:A,A:A,A:A
2,A:A,A:B,A:A,B:B,B:B,B:B,A:A,B:B,B:B,A:A,B:B,B:B,B:B,A:B,A:B,B:B,A:B,A:B,A:B,A:A
2,A:A,B:B,A:A,A:A,B:B,B:B,A:A,B:B,B:B,B:B,B:B,B:B,A:B,B:B,B:B,A:A,B:B,A:A,A:A,A:B
2,A:A,A:B,A:A,B:B,B:B,B:B,A:B,B:B,B:B,A:A,B:B,A:B,A:B,A:B,B:B,B:B,A:B,A:A,A:A,A:B
2,A:B,A:B,A:A,A:B,A:B,B:B,A:A,B:B,B:B,A:A,B:B,B:B,B:B,B:B,B:B,B:B,A:B,A:A,A:A,A:A
2,A:A,A:A,A:B,B:B,A:B,B:B,A:A,A:B,A:B,A:B,B:B,B:B,B:B,B:B,B:B,B:B,A:B,A:B,A:A,A:A
2,A:B,A:B,A:A,A:B,A:B,B:B,A:A,B:B,B:B,A:B,B:B,A:B,A:A,B:B,B:B,A:B,B:B,B:B,A:A,A:A
2,A:A,A:A,A:B,B:B,B:B,B:B,A:A,B:B,A:B,A:A,B:B,B:B,B:B,A:B,B:B,A:B,B:B,A:B,A:B,A:A
2,A:A,B:B,A:A,A:B,B:B,B:B,A:A,B:B,A:A,B:B,B:B,B:B,B:B,B:B,A:B,B:B,B:B,A:A,A:B,A:A
2,A:A,A:B,A:A,B:B,B:B,B:B,A:B,B:B,A:B,A:B,B:B,A:B,A:B,A:B,B:B,A:B,B:B,B:B,A:B,A:A
2,A:A,A:B,A:A,B:B,A:B,B:B,A:A,B:B,A:A,A:A,B:B,A:B,A:B,B:B,A:B,B:B,A:B,A:B,A:B,A:A
2,A:A,A:B,A:A,A:B,A:A,B:B,A:A,B:B,B:B,A:B,B:B,A:B,A:B,B:B,B:B,A:A,A:B,A:A,A:A,A:B
2,A:A,A:B,A:A,B:B,A:B,B:B,A:A,B:B,A:B,A:B,B:B,A:B,B:B,A:B,B:B,B:B,B:B,A:B,A:A,A:A
2,A:A,A:B,A:A,A:B,A:B,B:B,A:A,B:B,A:B,A:A,B:B,B:B,B:B,B:B,A:A,A:A,B:B,A:A,A:A,A:B
2,A:A,B:B,A:A,A:B,A:B,B:B,A:A,B:B,B:B,A:B,B:B,B:B,A:B,A:B,B:B,A:B,A:B,A:A,A:B,A:B
2,A:B,A:B,A:A,A:B,A:B,B:B,A:A,B:B,B:B,A:B,B:B,B:B,B:B,B:B,B:B,A:B,B:B,A:A,A:A,A:A
2,A:A,B:B,A:B,A:B,B:B,B:B,A:A,B:B,A:B,A:B,B:B,A:B,B:B,B:B,B:B,B:B,B:B,A:B,A:A,A:A
2,A:B,A:A,A:A,B:B,A:B,B:B,A:A,B:B,B:B,A:A,B:B,B:B,A:B,B:B,B:B,A:B,A:B,A:A,A:A,A:B
2,A:B,A:B,A:A,B:B,B:B,B:B,A:B,B:B,B:B,A:B,B:B,B:B,A:B,B:B,B:B,A:B,B:B,A:B,A:B,A:B
2,A:A,A:B,A:A,A:A,B:B,B:B,A:B,B:B,A:A,A:B,B:B,B:B,A:B,B:B,B:B,A:B,B:B,A:B,A:B,A:B
2,A:A,B:B,A:A,B:B,B:B,B:B,A:A,B:B,B:B,A:A,B:B,B:B,B:B,B:B,B:B,A:B,B:B,A:A,A:A,A:A
2,A:A,A:A,A:A,A:A,A:B,B:B,A:A,B:B,B:B,A:A,B:B,A:B,A:B,B:B,B:B,A:B,B:B,A:B,A:B,A:B
2,A:A,A:B,A:A,B:B,B:B,B:B,A:A,B:B,B:B,A:B,B:B,B:B,B:B,B:B,B:B,B:B,A:B,A:A,A:A,A:A
2,A:A,B:B,A:A,A:B,A:B,B:B,A:A,B:B,B:B,A:B,B:B,A:A,A:B,A:B,A:B,B:B,A:A,A:B,A:A,A:B
2,A:B,A:A,A:B,A:B,A:B,B:B,A:A,B:B,B:B,A:B,B:B,B:B,A:A,B:B,B:B,A:B,B:B,A:A,A:B,A:A
2,A:A,A:B,A:A,A:B,B:B,B:B,A:A,B:B,A:A,A:B,B:B,A:B,B:B,B:B,B:B,B:B,B:B,B:B,A:B,A:B
2,A:A,A:B,A:B,A:B,B:B,B:B,A:A,B:B,A:B,A:B,B:B,A:A,A:B,B:B,B:B,B:B,A:B,A:A,A:A,A:B
2,A:A,A:B,A:B,A:B,A:B,B:B,A:A,B:B,B:B,A:A,B:B,B:B,B:B,A:A,B:B,A:B,B:B,A:B,A:A,A:A
2,A:A,A:B,A:B,A:A,A:B,B:B,A:A,B:B,B:B,A:B,B:B,B:B,A:A,A:B,B:B,A:B,B:B,A:B,A:A,A:A
2,A:A,A:B,A:A,A:B,B:B,B:B,A:A,B:B,B:B,A:B,B:B,A:B,A:B,B:B,B:B,A:B,B:B,A:A,A:A,B:B
2,A:B,A:B,A:A,A:B,A:B,B:B,A:A,B:B,B:B,B:B,B:B,B:B,A:B,B:B,B:B,A:A,B:B,A:B,A:A,A:A
2,A:A,A:B,A:A,A:A,A:B,B:B,A:B,B:B,A:A,A:B,B:B,B:B,B:B,A:B,B:B,A:B,A:A,A:B,A:A,A:B
2,A:A,A:B,A:A,B:B,A:A,B:B,A:B,B:B,B:B,A:B,B:B,A:A,B:B,B:B,B:B,A:A,A:A,A:A,A:A,A:B
2,A:A,A:A,A:A,A:B,B:B,B:B,A:A,B:B,A:B,A:B,B:B,B:B,A:B,A:B,A:B,B:B,B:B,A:A,A:A,A:A
2,A:A,A:A,A:A,A:B,A:B,B:B,A:B,B:B,B:B,A:B,B:B,A:A,A:B,B:B,B:B,B:B,A:B,A:A,A:A,A:B
2,A:A,A:B,A:A,B:B,A:B,B:B,A:B,B:B,A:A,B:B,B:B,A:B,A:B,A:B,B:B,A:B,A:B,A:B,A:A,A:A
2,A:A,A:B,A:A,A:B,A:B,B:B,A:A,B:B,B:B,A:A,B:B,A:A,A:A,B:B,B:B,B:B,A:B,A:A,A:A,A:A
2,A:A,A:B,A:B,A:B,A:B,B:B,A:A,B:B,A:B,A:A,B:B,B:B,B:B,A:A,B:B,A:A,A:B,A:B,A:A,A:A
2,A:A,B:B,A:A,A:B,A:B,B:B,A:B,B:B,B:B,A:A,B:B,B:B,B:B,B:B,B:B,A:B,A:B,A:A,A:A,A:B
2,A:A,A:A,A:A,A:B,A:B,B:B,A:A,B:B,A:A,A:A,B:B,B:B,B:B,B:B,A:B,A:B,A:B,A:B,A:A,A:B
2,A:A,B:B,A:A,B:B,A:A,B:B,A:A,B:B,A:B,A:A,B:B,B:B,B:B,B:B,A:B,B:B,B:B,A:A,A:A,A:B
2,A:A,A:B,A:A,B:B,A:A,B:B,A:A,B:B,A:B,B:B,B:B,A:B,A:B,B:B,A:B,A:B,B:B,A:A,A:A,A:A
2,A:A,A:B,A:A,A:A,B:B,B:B,A:A,B:B,A:B,B:B,B:B,A:B,A:A,B:B,B:B,A:B,B:B,A:B,A:B,A:A
2,A:A,B:B,A:A,A:B,A:B,B:B,A:A,B:B,B:B,A:A,B:B,B:B,A:B,A:B,B:B,A:B,B:B,A:A,A:A,A:A
2,A:A,B:B,A:A,A:B,B:B,B:B,A:B,B:B,A:A,A:B,B:B,B:B,B:B,B:B,A:B,A:A,B:B,A:A,B:B,A:A
2,A:A,A:A,A:A,A:B,A:B,B:B,A:A,B:B,B:B,A:B,B:B,A:B,B:B,B:B,B:B,B:B,B:B,A:A,A:A,A:B
2,A:A,B:B,A:A,A:B,A:A,B:B,A:B,B:B,A:A,A:A,B:B,A:A,A:B,B:B,A:B,A:B,A:B,A:B,A:A,A:A
2,A:A,A:A,B:B,B:B,A:B,B:B,A:A,B:B,B:B,A:B,B:B,B:B,B:B,B:B,A:B,A:B,B:B,A:B,A:A,A:B
2,A:A,A:B,A:A,A:B,B:B,B:B,A:A,B:B,B:B,A:B,B:B,B:B,B:B,B:B,B:B,A:A,A:A,A:A,A:A,A:A
2,A:A,A:B,A:A,B:B,A:B,B:B,A:B,B:B,A:B,A:A,B:B,B:B,A:B,B:B,B:B,A:A,B:B,A:A,A:B,A:A
3,A:A,A:B,A:A,A:B,A:B,B:B,A:A,B:B,B:B,A:A,B:B,A:B,B:B,B:B,B:B,A:B,A:B,A:A,A:B,A:A
3,A:A,B:B,A:A,B:B,A:B,B:B,A:B,A:B,A:B,A:A,B:B,B:B,A:B,B:B,B:B,A:B,A:A,A:B,A:B,A:A
3,A:A,B:B,A:B,A:B,A:B,B:B,A:A,B:B,A:B,A:B,B:B,A:B,B:B,B:B,A:B,A:B,A:B,B:B,A:B,A:A
3,A:A,B:B,A:A,A:B,A:B,B:B,A:A,B:B,A:B,A:A,B:B,A:B,B:B,B:B,B:B,A:B,A:B,B:B,A:A,A:A
3,A:A,A:A,A:B,B:B,A:B,B:B,A:B,B:B,A:B,A:B,A:B,A:B,A:A,B:B,B:B,A:A,B:B,A:A,A:A,A:B
3,A:A,B:B,A:A,A:B,A:B,B:B,A:A,B:B,B:B,A:A,B:B,B:B,A:B,B:B,B:B,A:B,A:A,A:B,A:B,A:A
3,A:A,A:B,A:A,A:B,A:B,B:B,A:A,B:B,B:B,A:A,B:B,A:B,B:B,B:B,B:B,A:B,A:B,A:B,A:A,A:A
3,A:A,B:B,A:A,A:B,A:B,B:B,A:B,B:B,B:B,A:A,B:B,B:B,A:B,B:B,B:B,A:B,B:B,A:B,A:A,A:A
3,A:A,A:B,A:A,A:B,A:B,B:B,A:B,B:B,A:B,A:B,B:B,A:B,A:B,B:B,B:B,B:B,B:B,B:B,A:B,A:A
3,A:A,B:B,A:A,A:A,A:B,B:B,A:B,A:B,A:A,A:A,B:B,A:B,B:B,B:B,B:B,A:B,A:B,A:A,A:A,A:A
3,A:A,A:A,A:A,A:B,A:B,B:B,A:A,B:B,A:B,A:B,B:B,A:B,A:B,B:B,B:B,A:B,B:B,A:B,A:A,A:A
3,A:A,A:B,A:A,B:B,B:B,B:B,A:A,B:B,A:B,A:A,A:B,A:B,A:B,B:B,B:B,A:B,A:B,A:B,A:A,A:A
3,A:A,B:B,A:A,A:A,A:B,B:B,A:A,B:B,A:B,A:B,B:B,B:B,B:B,B:B,B:B,A:B,A:B,B:B,A:B,A:A
3,A:A,B:B,A:A,A:A,B:B,B:B,A:A,B:B,A:B,A:B,B:B,B:B,A:A,B:B,B:B,A:A,B:B,A:B,A:B,A:B
3,A:A,A:B,A:B,A:B,B:B,B:B,A:A,B:B,B:B,A:B,B:B,A:B,B:B,B:B,B:B,B:B,A:B,A:B,A:B,A:A
3,A:A,A:B,A:A,B:B,A:B,B:B,A:A,B:B,A:A,A:B,B:B,A:A,A:A,B:B,B:B,A:B,A:B,A:B,A:A,A:B
3,A:A,B:B,A:A,A:B,B:B,B:B,A:A,B:B,A:A,A:A,A:B,B:B,A:A,B:B,B:B,B:B,B:B,A:B,B:B,A:A
3,A:A,A:B,A:B,A:B,B:B,B:B,A:B,B:B,A:B,A:A,B:B,A:B,A:A,B:B,B:B,A:B,A:B,A:B,A:A,A:B
3,A:A,A:B,A:A,A:B,A:B,B:B,A:A,B:B,B:B,A:A,B:B,A:A,A:A,B:B,B:B,B:B,B:B,A:B,A:B,A:A
3,A:A,A:B,A:B,A:B,B:B,B:B,A:A,B:B,A:B,A:B,B:B,A:A,A:B,B:B,B:B,A:A,B:B,B:B,A:B,A:A
3,A:A,A:B,A:A,A:A,B:B,B:B,A:A,B:B,A:B,A:B,B:B,B:B,A:B,B:B,B:B,A:B,B:B,B:B,A:B,A:A
3,A:A,A:B,A:B,A:A,A:B,B:B,B:B,B:B,A:B,A:A,B:B,B:B,B:B,B:B,B:B,A:B,A:A,B:B,A:A,A:B
3,A:A,A:B,A:A,A:B,B:B,B:B,A:A,B:B,A:A,A:B,B:B,A:B,B:B,B:B,B:B,A:B,A:A,B:B,A:A,A:A
3,A:A,B:B,A:A,A:A,A:B,B:B,A:A,B:B,A:A,A:A,B:B,B:B,A:A,B:B,B:B,A:B,A:B,B:B,B:B,A:B
3,A:A,A:B,A:A,B:B,A:B,B:B,A:B,B:B,B:B,A:A,B:B,B:B,A:A,B:B,B:B,A:B,A:B,A:B,A:B,A:B
3,A:A,A:B,A:A,A:B,A:B,B:B,A:A,B:B,A:B,A:A,B:B,B:B,B:B,B:B,B:B,A:A,A:A,A:B,A:B,A:A
3,A:A,B:B,A:B,B:B,B:B,B:B,A:A,B:B,A:B,A:B,B:B,A:A,A:B,B:B,B:B,A:B,A:B,A:B,A:B,A:A
3,A:A,B:B,A:A,B:B,B:B,B:B,A:B,B:B,B:B,A:A,B:B,A:A,B:B,B:B,B:B,B:B,A:B,A:B,A:B,A:A
3,A:A,B:B,A:A,A:B,A:B,B:B,A:A,A:B,A:A,A:A,B:B,B:B,B:B,B:B,B:B,A:B,A:B,A:A,A:B,A:A
3,A:A,A:B,A:B,A:B,B:B,B:B,A:A,B:B,A:B,A:A,B:B,B:B,A:B,B:B,B:B,A:B,B:B,A:B,A:A,A:B
3,A:A,A:B,A:B,A:A,B:B,B:B,A:A,B:B,B:B,A:A,B:B,A:B,A:B,B:B,B:B,B:B,B:B,B:B,A:A,A:A
3,A:A,A:B,A:B,A:B,B:B,B:B,A:A,B:B,A:A,A:A,A:B,A:B,A:A,B:B,B:B,A:B,B:B,A:B,A:B,A:A
3,A:A,A:A,A:A,A:B,B:B,B:B,A:A,B:B,A:A,A:B,B:B,A:A,B:B,B:B,B:B,A:A,B:B,A:B,A:A,A:A
3,A:A,A:B,A:A,A:A,B:B,B:B,A:B,B:B,A:A,A:B,B:B,A:B,A:B,B:B,B:B,B:B,A:B,A:B,A:A,A:A
3,A:A,A:B,A:A,B:B,B:B,B:B,A:B,B:B,B:B,A:A,B:B,B:B,A:B,B:B,B:B,A:B,B:B,A:A,A:B,A:B
3,A:A,B:B,A:A,A:B,B:B,B:B,A:A,B:B,B:B,A:A,B:B,A:A,A:B,B:B,B:B,B:B,A:B,A:B,A:A,A:B
3,A:A,A:B,A:B,A:B,A:B,B:B,A:A,B:B,A:B,A:A,A:B,B:B,A:A,B:B,B:B,A:A,A:B,A:A,A:A,A:A
3,A:A,B:B,A:A,A:B,A:A,B:B,A:B,B:B,A:B,A:B,B:B,A:A,A:B,B:B,B:B,B:B,A:B,A:B,A:A,A:A
3,A:A,B:B,A:A,A:B,B:B,B:B,A:A,B:B,A:A,A:A,B:B,A:A,B:B,B:B,B:B,A:B,B:B,A:B,A:B,A:A
3,A:A,B:B,A:A,A:A,B:B,B:B,A:B,B:B,A:B,A:A,B:B,A:B,A:B,B:B,B:B,A:B,A:B,A:A,A:A,A:A
3,A:A,B:B,A:A,A:B,A:B,B:B,A:B,B:B,A:B,A:A,B:B,A:A,A:B,B:B,B:B,B:B,A:A,A:B,A:B,A:A
3,A:A,A:B,A:B,B:B,B:B,B:B,A:A,B:B,A:B,A:B,B:B,A:B,A:B,B:B,B:B,B:B,A:A,A:B,A:A,A:A
3,A:A,B:B,A:A,B:B,A:B,B:B,A:A,B:B,A:A,A:B,B:B,A:B,A:A,B:B,B:B,B:B,A:B,A:A,A:A,A:A
3,A:A,A:A,A:A,A:B,B:B,B:B,A:A,B:B,B:B,A:A,B:B,B:B,A:B,B:B,B:B,A:B,A:B,A:A,A:B,A:A
3,A:A,A:B,B:B,A:B,B:B,B:B,A:A,B:B,A:B,A:A,B:B,A:B,B:B,B:B,B:B,A:A,B:B,B:B,A:A,A:A
3,A:A,A:B,A:B,B:B,B:B,B:B,A:A,B:B,B:B,A:A,B:B,A:B,A:A,B:B,B:B,A:B,B:B,B:B,A:A,A:A
3,A:A,B:B,A:A,A:B,B:B,B:B,A:A,A:B,A:A,A:A,B:B,A:A,A:B,B:B,B:B,B:B,A:A,A:A,A:B,A:B
3,A:A,B:B,A:A,A:B,A:B,B:B,A:A,B:B,A:B,A:B,B:B,A:A,A:B,B:B,B:B,B:B,A:B,A:B,A:A,A:B
3,A:A,B:B,A:A,A:A,A:A,B:B,A:A,B:B,A:B,A:B,B:B,A:A,A:B,B:B,B:B,A:B,A:B,A:A,A:B,A:A
3,A:A,B:B,A:B,B:B,B:B,B:B,A:A,A:B,A:A,A:B,B:B,A:A,B:B,B:B,B:B,B:B,B:B,A:A,A:A,A:B
3,A:B,B:B,A:A,A:B,B:B,B:B,A:A,B:B,A:B,A:B,B:B,A:B,A:B,B:B,B:B,B:B,A:B,A:A,A:B,A:A
3,A:A,B:B,A:A,A:B,B:B,B:B,A:B,B:B,B:B,A:A,B:B,B:B,A:B,B:B,B:B,A:B,A:B,A:B,A:A,A:A
3,A:A,A:B,A:A,B:B,A:B,B:B,A:A,B:B,A:A,A:B,B:B,A:B,A:A,B:B,A:B,B:B,B:B,B:B,A:A,A:A
3,A:A,A:B,A:A,A:B,B:B,B:B,A:A,B:B,A:A,A:A,B:B,A:B,B:B,B:B,B:B,A:B,B:B,A:A,A:A,A:B
3,A:A,B:B,A:A,A:A,B:B,B:B,A:B,B:B,A:B,A:A,B:B,A:A,B:B,B:B,B:B,A:B,A:B,A:A,A:B,A:A
3,A:A,B:B,A:A,B:B,B:B,B:B,A:B,B:B,B:B,A:B,B:B,A:B,B:B,B:B,B:B,A:B,A:B,A:A,A:A,A:A
3,A:A,A:B,A:A,A:A,A:A,B:B,A:A,B:B,B:B,A:B,B:B,A:A,A:A,B:B,B:B,B:B,B:B,A:B,B:B,A:A
3,A:A,B:B,A:A,A:B,A:B,B:B,A:A,B:B,A:B,A:B,B:B,A:A,A:B,B:B,B:B,A:B,A:B,A:B,A:B,A:B
3,A:A,A:B,A:A,A:B,A:B,B:B,A:A,B:B,B:B,B:B,B:B,A:B,B:B,B:B,B:B,B:B,A:B,A:A,A:A,A:A
3,A:A,A:B,A:A,A:B,A:B,B:B,A:B,B:B,A:A,A:B,B:B,A:A,A:B,B:B,B:B,B:B,B:B,A:B,A:B,A:B
3,A:A,B:B,A:B,A:A,A:B,B:B,A:A,B:B,A:B,B:B,B:B,A:B,A:A,B:B,B:B,B:B,A:B,A:B,A:A,A:A
3,A:A,A:B,A:A,A:B,B:B,B:B,A:A,B:B,A:B,A:A,B:B,A:B,A:B,B:B,B:B,A:A,B:B,A:B,A:B,A:A
3,A:A,A:B,A:A,A:B,A:B,B:B,A:A,B:B,A:B,A:B,B:B,B:B,B:B,B:B,B:B,A:B,A:B,A:A,A:A,A:A
3,A:A,A:B,A:B,A:A,B:B,B:B,A:A,B:B,B:B,A:B,B:B,A:A,A:B,A:B,B:B,B:B,B:B,A:A,B:B,A:A
3,A:A,A:B,A:A,B:B,B:B,B:B,A:A,B:B,A:A,A:A,A:B,A:A,A:B,B:B,B:B,A:B,B:B,B:B,A:A,A:A
3,A:A,B:B,A:A,A:B,A:B,B:B,A:A,B:B,A:B,A:B,B:B,A:B,A:A,A:B,B:B,B:B,A:A,A:B,A:B,A:A
3,A:A,A:B,A:B,B:B,B:B,B:B,A:A,B:B,A:B,A:A,B:B,B:B,A:B,B:B,B:B,B:B,B:B,B:B,A:B,A:B
3,A:A,B:B,A:A,B:B,B:B,B:B,A:A,B:B,B:B,A:A,B:B,A:B,A:A,B:B,B:B,B:B,A:A,A:B,A:A,A:A
3,A:A,A:B,A:A,A:B,B:B,B:B,A:A,B:B,A:B,A:A,B:B,A:A,A:B,B:B,B:B,B:B,A:B,A:A,A:A,A:A
3,A:A,B:B,A:B,B:B,B:B,B:B,A:A,B:B,A:B,A:A,B:B,A:B,A:B,B:B,B:B,B:B,A:B,B:B,A:A,A:A
3,A:A,B:B,A:A,A:B,A:B,B:B,A:B,B:B,A:B,A:A,B:B,A:A,A:B,B:B,B:B,B:B,B:B,A:A,A:A,A:A
3,A:A,B:B,A:A,A:B,A:B,B:B,A:A,B:B,A:B,A:A,B:B,A:B,A:B,B:B,B:B,B:B,B:B,A:A,A:B,A:B
3,A:A,A:B,A:B,A:B,A:B,B:B,A:A,B:B,A:B,A:A,B:B,B:B,A:B,B:B,B:B,A:B,A:B,A:B,A:B,A:A
3,A:A,B:B,A:A,A:B,B:B,B:B,A:A,B:B,B:B,A:A,B:B,A:A,A:A,B:B,B:B,A:A,A:B,A:B,A:A,A:A
3,A:A,A:B,A:A,B:B,B:B,B:B,A:B,B:B,A:A,A:A,B:B,B:B,A:B,B:B,B:B,B:B,A:A,A:A,A:A,A:A
3,A:A,B:B,A:B,A:B,B:B,B:B,A:A,B:B,A:B,A:B,B:B,A:B,A:B,B:B,B:B,A:B,A:A,A:B,A:B,A:A
3,A:A,A:B,B:B,B:B,A:B,B:B,A:A,A:B,A:B,A:B,B:B,A:B,A:B,B:B,B:B,A:A,A:B,A:A,A:B,A:A
3,A:A,A:B,A:A,B:B,B:B,B:B,A:A,B:B,A:B,A:B,B:B,A:A,B:B,B:B,B:B,A:B,A:B,A:B,A:A,A:A
3,A:A,B:B,A:A,A:A,B:B,B:B,A:A,B:B,B:B,A:A,B:B,A:A,A:B,B:B,B:B,A:B,B:B,A:B,A:A,A:A
3,A:A,B:B,A:B,A:B,B:B,B:B,A:B,A:B,B:B,A:B,B:B,A:B,A:B,B:B,B:B,A:B,A:B,A:B,A:A,A:B
3,A:A,B:B,A:B,B:B,B:B,B:B,A:A,A:B,A:B,A:B,B:B,A:A,A:B,B:B,B:B,A:B,A:B,A:B,A:B,A:B
3,A:A,B:B,A:A,A:B,B:B,B:B,A:A,B:B,A:B,B:B,B:B,A:B,A:B,B:B,B:B,A:B,B:B,A:B,A:A,A:A
3,A:A,A:A,A:A,B:B,B:B,B:B,A:A,B:B,A:B,A:B,B:B,A:B,A:B,B:B,B:B,A:B,A:A,A:B,A:A,A:A
3,A:A,A:B,A:A,A:B,A:A,B:B,A:A,B:B,A:B,A:A,B:B,A:A,A:A,B:B,B:B,B:B,B:B,B:B,A:A,A:B
3,A:A,B:B,A:A,B:B,A:B,B:B,A:B,B:B,A:A,B:B,B:B,A:B,A:B,B:B,B:B,A:B,A:B,A:A,A:B,A:A
3,A:A,A:B,A:A,A:B,B:B,B:B,A:A,B:B,A:A,A:B,B:B,A:B,A:B,B:B,B:B,A:A,B:B,A:B,A:A,A:A
3,A:A,A:B,A:A,A:B,B:B,B:B,A:B,B:B,A:B,A:A,B:B,A:A,A:A,B:B,B:B,B:B,A:B,A:B,A:A,A:A
3,A:A,A:B,A:A,B:B,A:A,B:B,A:A,B:B,B:B,B:B,B:B,A:B,A:A,B:B,B:B,A:B,B:B,A:B,A:A,A:A
3,A:A,A:B,A:A,A:B,B:B,B:B,A:A,B:B,B:B,A:B,B:B,A:B,A:B,B:B,B:B,B:B,B:B,A:B,A:B,A:A
3,A:A,A:B,A:A,B:B,A:B,B:B,A:A,B:B,A:B,A:B,B:B,A:B,A:B,B:B,B:B,A:B,B:B,A:A,A:A,A:A
3,A:A,A:B,A:A,A:A,A:B,B:B,A:A,B:B,A:A,A:A,B:B,A:B,A:B,B:B,B:B,A:A,A:B,A:B,A:B,A:A
3,A:A,A:B,A:B,A:B,B:B,B:B,A:B,B:B,A:B,A:A,B:B,A:B,B:B,B:B,B:B,A:B,B:B,A:A,A:A,A:A
3,A:A,B:B,A:A,A:A,A:A,B:B,A:B,B:B,A:A,A:A,B:B,A:B,B:B,B:B,B:B,B:B,A:B,A:B,A:A,A:A
3,A:A,A:B,A:A,A:B,A:B,B:B,A:B,B:B,A:B,A:A,B:B,B:B,A:A,B:B,B:B,A:B,A:B,A:B,A:B,A:A
3,A:A,B:B,A:A,A:B,B:B,B:B,A:B,B:B,A:A,A:A,B:B,A:A,A:A,B:B,B:B,A:B,A:B,B:B,A:A,A:A
3,A:A,A:A,A:A,A:A,A:B,B:B,A:A,B:B,A:A,A:A,B:B,A:A,A:A,B:B,B:B,B:B,A:B,B:B,A:B,A:B
3,A:A,B:B,A:B,A:B,B:B,B:B,A:A,B:B,A:B,B:B,B:B,B:B,A:B,B:B,B:B,A:B,A:B,A:B,A:A,A:A
3,A:A,B:B,A:A,A:B,A:B,B:B,A:A,B:B,B:B,A:A,B:B,A:A,A:A,B:B,B:B,B:B,B:B,A:B,B:B,A:A
3,A:A,A:A,A:A,B:B,B:B,B:B,A:A,B:B,A:A,A:B,B:B,A:B,A:A,B:B,B:B,A:B,A:B,A:A,A:A,A:A
3,A:A,B:B,A:A,B:B,B:B,B:B,A:A,B:B,A:B,A:A,B:B,A:A,A:B,B:B,B:B,A:B,A:B,B:B,A:B,A:A
4,A:A,B:B,A:A,A:B,A:B,B:B,A:A,B:B,A:B,A:A,B:B,A:B,A:B,B:B,B:B,B:B,B:B,B:B,A:B,A:B
4,A:A,B:B,A:B,A:A,A:B,B:B,A:A,B:B,B:B,A:A,B:B,B:B,B:B,B:B,A:B,B:B,B:B,B:B,A:B,A:A
4,A:A,B:B,A:B,A:A,A:B,B:B,A:B,B:B,A:B,A:A,B:B,A:B,A:B,B:B,B:B,A:B,B:B,A:A,B:B,A:A
4,A:B,A:B,A:B,A:A,B:B,B:B,A:B,A:A,A:B,A:B,B:B,B:B,B:B,B:B,B:B,A:B,A:B,A:B,A:B,A:A
4,A:A,A:B,A:A,A:A,A:A,B:B,A:A,B:B,A:B,A:A,B:B,B:B,A:B,B:B,B:B,B:B,A:B,A:A,A:B,A:A
4,A:A,B:B,A:A,A:A,A:A,B:B,A:B,B:B,A:B,A:B,B:B,A:A,A:A,B:B,B:B,B:B,A:B,A:A,A:A,A:A
4,A:A,B:B,A:A,A:A,A:A,B:B,A:A,B:B,A:B,A:A,B:B,B:B,A:B,B:B,B:B,A:B,B:B,A:B,B:B,A:A
4,A:A,B:B,A:A,A:B,A:B,B:B,A:A,B:B,B:B,A:A,B:B,A:B,B:B,A:B,B:B,A:B,B:B,A:B,A:B,A:B
4,A:A,B:B,A:B,A:B,A:B,B:B,A:A,B:B,A:B,A:A,A:B,B:B,B:B,B:B,B:B,A:A,B:B,B:B,B:B,A:B
4,A:A,B:B,A:A,A:A,A:B,B:B,A:A,B:B,B:B,A:B,B:B,B:B,A:B,A:B,B:B,B:B,B:B,A:B,A:B,A:A
4,A:A,B:B,A:A,A:A,A:B,B:B,A:A,B:B,B:B,A:A,B:B,A:B,A:A,B:B,B:B,A:B,B:B,B:B,A:A,A:A
4,B:B,A:B,A:B,A:A,A:A,B:B,A:A,A:B,B:B,A:A,B:B,A:B,A:B,B:B,B:B,B:B,B:B,A:A,B:B,A:A
4,A:A,B:B,A:B,B:B,A:B,B:B,A:A,B:B,B:B,A:A,B:B,B:B,A:B,B:B,B:B,A:B,B:B,A:A,A:A,A:A
4,A:A,B:B,A:A,B:B,B:B,B:B,A:A,A:B,A:B,A:B,B:B,B:B,A:B,B:B,B:B,A:B,B:B,A:B,B:B,A:A
4,A:A,B:B,A:A,A:B,A:A,B:B,A:A,A:B,A:B,A:A,B:B,A:B,A:B,B:B,B:B,B:B,A:B,A:A,A:A,A:A
4,A:A,B:B,B:B,A:A,A:B,B:B,A:A,B:B,A:B,A:A,B:B,A:A,A:A,B:B,B:B,B:B,B:B,B:B,A:A,A:B
4,A:A,B:B,A:A,A:A,A:A,B:B,A:A,B:B,B:B,A:A,B:B,A:B,A:A,B:B,B:B,A:B,B:B,A:A,A:A,A:A
4,A:B,B:B,A:A,A:A,A:B,B:B,A:A,A:B,A:A,A:B,B:B,B:B,B:B,B:B,B:B,B:B,B:B,A:B,A:B,A:B
4,A:B,A:B,A:B,A:A,A:A,B:B,A:A,B:B,B:B,A:B,A:B,A:B,A:B,B:B,B:B,A:B,A:B,A:A,A:B,A:A
4,A:A,A:B,A:B,A:B,B:B,B:B,A:A,A:B,A:B,A:B,B:B,A:B,A:B,B:B,B:B,B:B,B:B,A:B,B:B,A:A
4,B:B,B:B,A:A,A:B,A:B,B:B,A:A,A:B,A:B,A:A,A:B,A:B,A:B,B:B,B:B,B:B,A:B,A:B,A:B,A:A
4,A:B,A:B,A:A,A:A,B:B,B:B,A:A,A:B,A:B,A:B,B:B,A:B,B:B,B:B,B:B,B:B,B:B,A:B,A:A,A:A
4,A:A,B:B,A:A,A:A,A:A,B:B,A:B,A:B,A:A,B:B,B:B,A:A,B:B,B:B,B:B,B:B,A:B,A:B,A:B,A:B
4,A:B,B:B,A:B,A:B,A:B,B:B,A:A,A:B,A:B,A:A,B:B,A:B,A:A,B:B,B:B,A:B,B:B,A:B,A:B,A:A
4,A:A,A:B,A:A,A:A,A:B,B:B,A:A,A:B,A:B,A:A,B:B,A:A,B:B,B:B,B:B,B:B,B:B,A:B,A:B,A:B
4,A:B,B:B,A:B,A:A,A:A,B:B,A:B,A:B,B:B,A:B,B:B,A:B,A:B,B:B,B:B,A:B,A:B,A:A,A:A,A:A
4,A:A,A:B,A:A,A:B,A:A,B:B,A:A,A:B,B:B,A:A,B:B,A:B,A:B,B:B,B:B,A:B,B:B,B:B,A:B,A:A
4,A:A,B:B,A:A,A:A,B:B,B:B,A:A,B:B,A:B,A:A,B:B,A:B,A:B,B:B,B:B,A:B,B:B,B:B,A:B,A:B
4,A:A,B:B,A:A,A:A,A:B,B:B,A:A,A:B,A:B,A:B,B:B,B:B,A:B,B:B,B:B,A:A,A:B,A:A,B:B,A:A
4,A:A,A:B,A:A,A:B,A:B,B:B,A:A,A:B,A:B,A:A,B:B,B:B,A:A,B:B,B:B,B:B,B:B,B:B,A:B,A:A
4,A:B,B:B,A:A,A:B,A:A,B:B,A:A,A:A,A:B,A:A,A:B,A:B,A:B,B:B,B:B,B:B,A:B,A:B,B:B,A:A
4,A:A,B:B,A:A,A:B,A:B,B:B,A:A,A:B,A:B,A:A,B:B,A:B,B:B,B:B,B:B,B:B,B:B,A:A,A:A,A:A
4,A:A,B:B,A:B,A:A,A:B,B:B,A:B,B:B,B:B,A:B,A:B,B:B,A:B,B:B,B:B,B:B,A:B,A:B,A:B,A:B
4,A:A,B:B,A:A,B:B,B:B,B:B,A:A,A:B,A:B,A:B,B:B,A:B,B:B,A:B,B:B,B:B,B:B,B:B,B:B,A:A
4,A:A,B:B,A:B,A:B,B:B,B:B,A:A,A:B,B:B,A:A,B:B,A:B,A:B,B:B,B:B,A:B,B:B,A:B,A:A,A:A
4,A:A,B:B,A:A,A:B,A:B,B:B,A:A,A:B,A:A,A:A,B:B,A:B,B:B,B:B,B:B,A:B,B:B,A:B,A:B,A:B
4,A:A,B:B,A:B,A:A,A:B,B:B,A:A,A:B,A:B,A:A,B:B,A:B,A:B,B:B,B:B,A:B,A:B,A:B,A:B,A:A
4,A:A,B:B,A:A,A:B,A:B,B:B,A:A,B:B,A:B,A:A,B:B,A:B,A:B,B:B,B:B,A:B,B:B,A:B,A:A,A:B
4,A:B,B:B,B:B,B:B,A:B,B:B,A:B,A:B,A:B,A:A,B:B,A:B,A:B,B:B,B:B,B:B,A:B,B:B,A:A,A:A
4,A:A,B:B,A:A,A:B,A:B,B:B,A:A,B:B,B:B,A:B,B:B,B:B,A:B,B:B,B:B,A:B,A:B,A:A,A:B,A:B
4,A:B,A:B,A:A,A:B,A:A,B:B,A:A,A:B,A:B,A:A,B:B,A:A,B:B,B:B,B:B,A:B,B:B,A:A,B:B,A:A
4,A:A,B:B,A:A,A:B,A:B,B:B,A:A,B:B,A:B,A:A,B:B,B:B,B:B,B:B,B:B,A:B,B:B,B:B,B:B,A:A
4,A:B,A:B,A:A,A:B,B:B,B:B,A:A,B:B,A:B,A:A,B:B,A:B,A:B,B:B,B:B,B:B,B:B,A:B,A:B,A:A
4,A:A,B:B,A:A,A:A,A:B,B:B,A:A,B:B,A:B,A:A,B:B,A:B,A:B,B:B,B:B,B:B,B:B,B:B,B:B,A:B
4,A:A,B:B,A:A,A:A,A:A,B:B,A:A,B:B,A:A,A:A,A:B,A:B,B:B,B:B,B:B,A:B,B:B,A:B,A:A,A:A
4,A:A,B:B,A:A,A:A,A:A,B:B,A:A,A:B,B:B,A:B,B:B,B:B,A:B,B:B,B:B,A:A,B:B,A:B,A:B,A:A
4,A:A,B:B,A:B,A:B,A:B,B:B,A:A,A:B,A:B,A:A,A:B,A:B,B:B,B:B,B:B,B:B,B:B,B:B,A:A,A:A
4,A:B,A:B,A:A,A:A,A:A,B:B,A:B,A:B,A:A,A:A,B:B,B:B,B:B,B:B,B:B,A:B,B:B,B:B,A:B,A:A
4,A:B,A:B,A:A,A:B,B:B,B:B,A:A,A:A,A:B,A:B,B:B,A:B,A:B,B:B,B:B,B:B,A:B,B:B,A:B,A:A
4,A:A,B:B,A:B,A:B,A:A,B:B,A:A,B:B,B:B,A:A,B:B,A:B,A:B,B:B,B:B,A:B,B:B,B:B,A:A,A:B
4,A:B,B:B,A:B,A:B,A:A,B:B,A:A,A:B,A:A,A:B,B:B,B:B,A:B,B:B,B:B,A:B,B:B,A:B,A:B,A:B
4,A:A,A:B,B:B,A:B,A:B,B:B,A:B,A:B,A:B,A:A,B:B,B:B,B:B,A:B,B:B,A:B,B:B,B:B,A:A,A:A
4,A:A,B:B,A:A,A:B,B:B,B:B,A:B,A:A,B:B,A:A,B:B,B:B,A:B,A:B,B:B,A:B,A:B,B:B,A:B,A:A
4,A:A,A:B,A:B,A:B,B:B,B:B,A:A,A:A,A:B,A:A,B:B,B:B,A:B,B:B,B:B,B:B,B:B,A:A,A:B,A:A
4,A:A,B:B,A:A,A:B,A:A,B:B,A:A,B:B,A:B,A:B,A:B,A:B,A:B,B:B,B:B,A:B,A:B,B:B,A:B,A:A
4,A:B,A:B,A:B,A:A,A:B,B:B,A:B,A:B,A:B,A:B,A:B,A:B,A:B,A:B,B:B,B:B,A:B,A:B,A:A,A:B
4,A:B,A:B,A:B,A:B,A:A,B:B,A:A,A:B,B:B,A:A,B:B,B:B,B:B,B:B,B:B,A:B,B:B,A:B,A:B,A:A
4,A:B,B:B,A:A,A:A,A:A,B:B,A:B,B:B,B:B,A:B,B:B,A:B,A:A,B:B,B:B,B:B,B:B,A:B,A:B,A:A
4,A:A,B:B,A:A,A:B,A:A,B:B,A:A,B:B,B:B,A:A,B:B,A:B,A:A,A:B,B:B,B:B,B:B,B:B,A:A,A:A
4,A:A,B:B,B:B,A:B,A:B,B:B,A:A,B:B,A:B,A:A,B:B,B:B,A:B,B:B,B:B,A:B,A:B,A:B,B:B,A:B
4,A:A,B:B,A:B,A:A,A:B,B:B,A:B,A:B,A:B,A:A,B:B,B:B,B:B,B:B,B:B,A:B,B:B,A:B,A:A,A:A
4,A:A,B:B,A:B,A:A,A:B,B:B,A:A,A:B,A:B,A:A,B:B,A:B,A:A,B:B,B:B,B:B,A:B,A:B,A:A,A:A
4,A:A,B:B,A:B,B:B,A:A,B:B,A:A,A:B,A:B,A:A,B:B,A:B,B:B,B:B,B:B,A:B,B:B,A:B,A:B,A:A
4,A:A,B:B,A:B,A:B,A:B,B:B,A:A,B:B,A:B,A:A,B:B,B:B,B:B,B:B,B:B,A:B,B:B,A:B,A:B,A:A
4,A:A,B:B,B:B,A:B,A:B,B:B,A:A,A:B,A:A,A:A,B:B,A:B,B:B,A:B,A:B,B:B,B:B,B:B,A:A,A:A
4,A:A,A:B,A:A,B:B,A:A,B:B,A:A,B:B,B:B,A:A,B:B,A:B,B:B,B:B,B:B,A:B,B:B,A:B,B:B,A:A
4,A:B,B:B,A:A,A:A,A:B,B:B,A:A,B:B,B:B,A:A,A:B,B:B,A:B,A:B,B:B,A:B,B:B,A:B,A:A,A:B
4,A:A,B:B,A:B,B:B,A:B,B:B,A:A,B:B,A:B,A:A,B:B,A:B,B:B,B:B,B:B,A:B,B:B,B:B,A:B,A:A
4,A:A,A:B,A:A,A:B,B:B,B:B,A:A,A:B,A:B,A:A,B:B,B:B,B:B,B:B,B:B,A:B,B:B,A:A,B:B,A:B
4,A:A,A:B,A:B,A:B,A:B,B:B,A:A,B:B,A:A,A:A,B:B,A:B,A:B,B:B,B:B,B:B,B:B,A:A,A:A,A:A
4,A:B,B:B,B:B,A:B,A:B,B:B,A:A,B:B,B:B,A:B,B:B,B:B,B:B,B:B,B:B,A:B,B:B,A:A,A:B,A:A
4,A:A,B:B,A:A,B:B,B:B,B:B,A:A,B:B,A:B,A:B,B:B,A:A,B:B,B:B,B:B,B:B,A:B,B:B,A:A,A:B
4,A:A,B:B,A:A,B:B,A:B,B:B,A:A,B:B,A:B,A:A,B:B,A:B,A:B,A:B,B:B,B:B,B:B,B:B,B:B,A:A
4,A:A,B:B,B:B,A:A,A:B,B:B,A:A,B:B,A:B,A:A,B:B,A:B,A:A,B:B,B:B,B:B,B:B,B:B,A:A,A:A
4,A:A,A:B,A:A,A:A,A:B,B:B,A:B,A:A,A:A,A:B,B:B,B:B,B:B,B:B,B:B,A:B,B:B,A:B,A:B,A:B
4,A:A,A:B,A:A,A:A,A:A,B:B,A:A,B:B,A:B,A:B,B:B,A:B,A:B,B:B,B:B,A:B,B:B,A:B,A:B,A:A
4,A:B,A:B,A:B,B:B,A:A,B:B,A:B,B:B,A:A,A:A,B:B,B:B,B:B,B:B,B:B,A:B,B:B,B:B,A:B,A:A
4,A:B,B:B,A:A,A:A,A:B,B:B,A:A,B:B,A:B,A:B,B:B,A:B,B:B,B:B,B:B,A:B,B:B,B:B,A:B,A:A
4,A:A,B:B,A:B,A:B,A:B,B:B,A:A,B:B,A:B,A:A,B:B,A:B,B:B,B:B,B:B,A:B,B:B,B:B,B:B,A:A
4,A:A,B:B,B:B,A:A,B:B,B:B,A:A,B:B,B:B,A:A,B:B,A:A,A:B,B:B,B:B,A:B,B:B,B:B,A:B,A:A
4,A:A,B:B,A:B,A:B,A:B,B:B,A:A,A:B,A:B,A:A,B:B,A:B,A:A,B:B,B:B,A:B,A:B,A:B,A:A,A:A
4,A:A,B:B,A:B,A:B,A:B,B:B,A:A,B:B,A:A,A:A,A:B,B:B,A:B,B:B,B:B,B:B,A:B,A:B,B:B,B:B
4,A:B,B:B,A:A,B:B,A:A,B:B,A:B,A:B,A:B,A:A,B:B,B:B,B:B,B:B,B:B,A:B,B:B,A:A,A:A,A:A
4,A:A,B:B,A:B,B:B,A:B,B:B,A:A,B:B,A:B,A:B,B:B,A:B,A:B,A:B,B:B,B:B,A:B,A:A,A:B,A:A
4,A:A,B:B,A:A,A:A,A:B,B:B,A:A,A:B,A:B,A:B,B:B,A:A,A:A,B:B,B:B,A:B,B:B,A:B,A:B,A:A
4,A:A,A:A,A:B,A:A,A:B,B:B,A:A,B:B,B:B,A:A,B:B,A:A,A:A,B:B,B:B,B:B,A:B,B:B,A:B,A:A
4,A:A,B:B,A:A,B:B,A:B,B:B,A:A,B:B,A:A,A:A,B:B,A:B,B:B,A:B,A:B,B:B,B:B,A:B,A:A,A:A
4,A:B,B:B,A:B,A:B,A:B,B:B,A:B,A:A,A:B,A:B,B:B,A:A,A:B,B:B,B:B,A:B,A:B,A:B,A:B,A:A
4,A:A,A:B,A:A,A:A,A:A,B:B,A:A,B:B,A:A,A:B,B:B,A:B,A:B,B:B,B:B,B:B,A:B,B:B,B:B,A:A
4,A:A,A:B,A:A,B:B,A:A,B:B,A:A,B:B,A:B,A:B,B:B,A:B,A:A,B:B,B:B,A:A,A:B,A:A,A:A,A:A
4,A:A,B:B,A:B,A:B,A:B,B:B,A:A,B:B,A:B,A:A,B:B,A:A,A:B,B:B,B:B,B:B,A:B,B:B,A:A,A:A
4,A:A,A:B,A:B,A:A,A:B,B:B,A:B,A:B,B:B,A:A,B:B,B:B,A:B,B:B,B:B,A:B,B:B,A:B,A:A,A:B
4,A:A,B:B,A:A,A:B,A:A,B:B,A:A,A:B,A:B,A:A,B:B,B:B,A:B,B:B,B:B,B:B,B:B,A:A,A:B,A:A
4,A:A,B:B,A:A,A:A,B:B,B:B,A:A,B:B,A:B,A:A,B:B,A:B,A:B,A:B,B:B,B:B,B:B,B:B,A:A,A:A
4,A:B,A:B,A:A,A:A,A:B,B:B,A:A,A:B,A:A,A:A,B:B,B:B,A:B,B:B,B:B,A:B,B:B,A:B,A:A,A:A
4,A:A,A:B,A:A,A:B,A:A,B:B,A:B,B:B,A:B,A:A,B:B,A:B,A:A,B:B,B:B,A:B,A:A,A:B,A:A,A:A
4,A:A,A:B,A:A,B:B,B:B,B:B,A:A,B:B,B:B,A:B,B:B,B:B,A:A,B:B,B:B,B:B,B:B,B:B,A:B,A:A
4,A:A,A:B,A:A,A:B,B:B,B:B,A:A,B:B,A:B,A:B,B:B,A:B,A:B,B:B,B:B,B:B,B:B,A:B,A:A,A:A
4,A:A,B:B,A:B,A:B,A:B,B:B,A:A,B:B,B:B,A:B,A:B,B:B,A:B,B:B,B:B,B:B,B:B,A:B,A:B,A:A
4,A:A,A:B,A:A,A:B,A:B,B:B,A:B,A:B,A:B,A:B,B:B,A:B,A:A,B:B,B:B,B:B,B:B,B:B,A:B,A:A
5,A:A,A:B,A:A,A:B,A:B,B:B,A:B,B:B,A:B,A:A,A:B,A:B,B:B,B:B,B:B,A:B,B:B,A:B,B:B,A:B
5,A:A,A:B,B:B,B:B,B:B,B:B,A:A,A:B,B:B,A:A,B:B,B:B,B:B,B:B,B:B,A:A,B:B,A:A,B:B,A:B
5,B:B,A:B,B:B,A:A,B:B,B:B,B:B,B:B,A:B,A:B,B:B,A:B,B:B,B:B,A:B,A:A,A:B,A:A,A:B,A:A
5,A:A,B:B,B:B,A:B,A:B,B:B,B:B,A:B,A:B,A:A,B:B,A:B,B:B,B:B,A:B,A:A,B:B,A:B,A:B,A:A
5,A:B,B:B,B:B,A:A,A:B,B:B,A:A,A:A,A:B,A:B,B:B,A:B,B:B,B:B,B:B,A:A,B:B,A:B,B:B,A:B
5,B:B,A:B,B:B,A:B,A:B,B:B,A:B,A:A,B:B,A:A,B:B,A:A,B:B,B:B,A:B,A:A,B:B,A:B,B:B,A:A
5,A:A,B:B,A:B,B:B,A:B,B:B,A:A,A:A,A:B,A:B,B:B,A:A,B:B,B:B,B:B,A:A,B:B,A:B,B:B,A:A
5,B:B,A:A,A:B,A:A,A:B,B:B,A:A,A:B,A:B,B:B,B:B,A:A,B:B,A:B,B:B,A:A,B:B,A:B,B:B,A:A
5,A:B,A:B,A:B,A:A,A:A,B:B,B:B,A:B,A:B,A:B,B:B,A:B,B:B,B:B,B:B,A:B,B:B,A:B,B:B,A:A
5,A:A,A:B,B:B,A:A,A:B,B:B,B:B,A:B,A:B,A:A,B:B,A:B,B:B,A:B,B:B,A:B,B:B,A:B,A:B,A:B
5,A:B,B:B,A:B,A:A,A:B,B:B,A:B,A:B,B:B,A:A,B:B,A:A,B:B,B:B,B:B,B:B,B:B,B:B,A:B,A:A
5,A:B,B:B,B:B,A:A,B:B,B:B,A:A,A:A,B:B,A:A,B:B,B:B,B:B,B:B,B:B,A:A,B:B,A:B,B:B,A:A
5,A:B,B:B,B:B,A:A,B:B,B:B,B:B,A:A,B:B,A:B,B:B,A:A,B:B,A:B,B:B,A:A,B:B,A:B,B:B,A:B
5,A:A,B:B,A:B,A:B,A:B,B:B,B:B,B:B,B:B,A:A,B:B,A:B,B:B,B:B,B:B,A:A,B:B,A:B,B:B,A:A
5,A:A,B:B,B:B,A:B,A:B,B:B,A:A,A:A,B:B,B:B,B:B,B:B,B:B,B:B,B:B,A:A,B:B,A:A,B:B,A:A
5,A:B,B:B,A:B,A:B,B:B,B:B,B:B,B:B,A:B,A:A,B:B,A:B,B:B,B:B,B:B,A:A,B:B,A:B,A:A,A:A
5,A:A,B:B,A:B,A:B,A:A,B:B,A:A,A:A,B:B,A:A,B:B,B:B,B:B,B:B,B:B,A:A,B:B,A:B,B:B,A:A
5,A:B,A:B,A:A,B:B,A:B,B:B,A:B,B:B,B:B,A:A,B:B,A:B,B:B,B:B,A:B,A:B,B:B,A:B,B:B,A:A
5,A:B,A:B,A:A,A:A,A:B,B:B,A:A,A:A,A:B,B:B,B:B,B:B,B:B,B:B,B:B,A:A,B:B,A:B,B:B,A:A
5,B:B,A:B,A:A,A:B,B:B,B:B,A:B,A:B,A:A,A:A,B:B,A:A,B:B,B:B,A:B,A:B,A:B,A:B,A:A,A:A
5,B:B,A:A,A:A,A:A,A:B,B:B,A:A,B:B,B:B,A:B,B:B,A:B,B:B,B:B,A:B,A:A,B:B,A:B,A:B,A:A
5,A:B,B:B,A:B,A:B,A:B,B:B,A:A,A:B,B:B,A:B,B:B,B:B,B:B,A:B,A:B,A:B,B:B,A:A,B:B,A:A
5,A:B,B:B,A:B,A:A,B:B,B:B,A:B,A:B,A:B,A:B,B:B,A:B,B:B,B:B,A:B,A:A,B:B,A:A,A:B,A:A
5,A:A,B:B,A:B,A:B,A:B,B:B,A:A,B:B,B:B,A:A,B:B,A:B,B:B,B:B,B:B,A:A,A:B,B:B,A:A,A:A
5,A:B,B:B,A:B,A:A,A:B,B:B,B:B,B:B,A:B,A:B,B:B,B:B,B:B,B:B,A:B,A:A,B:B,A:A,A:A,A:A
5,A:B,A:B,A:B,A:A,A:B,B:B,A:B,A:B,A:B,A:B,B:B,B:B,B:B,B:B,A:B,A:B,B:B,A:B,B:B,A:A
5,A:B,A:B,A:B,A:B,A:B,B:B,A:B,A:B,B:B,A:A,B:B,A:B,B:B,B:B,B:B,A:B,B:B,A:B,A:B,A:B
5,A:B,A:B,A:B,A:A,A:B,B:B,A:A,A:A,A:B,A:A,B:B,A:B,A:B,B:B,B:B,A:B,B:B,A:B,A:B,A:A
5,A:A,A:B,A:B,A:B,A:B,B:B,A:B,A:B,B:B,A:B,B:B,A:B,B:B,B:B,B:B,A:A,B:B,A:B,B:B,A:A
5,A:B,B:B,A:B,A:B,A:B,B:B,A:B,A:B,B:B,A:B,B:B,B:B,B:B,B:B,A:B,A:B,B:B,B:B,A:B,A:A
5,A:B,A:B,B:B,A:B,B:B,B:B,A:B,A:B,B:B,A:B,B:B,B:B,B:B,B:B,B:B,A:A,B:B,A:A,A:B,A:A
5,A:B,B:B,A:B,A:A,A:A,B:B,A:B,B:B,A:B,A:A,B:B,A:B,B:B,B:B,A:B,A:A,A:B,A:A,B:B,A:A
5,A:B,A:B,B:B,A:B,B:B,B:B,B:B,A:A,A:B,A:A,B:B,B:B,B:B,B:B,B:B,A:A,B:B,A:A,B:B,A:A
5,A:B,B:B,A:B,A:A,B:B,B:B,A:B,B:B,A:B,A:B,B:B,B:B,B:B,B:B,B:B,A:B,B:B,A:B,A:B,A:A
5,A:A,A:B,A:A,A:B,A:B,B:B,A:A,B:B,B:B,A:A,B:B,B:B,B:B,B:B,A:A,A:A,A:B,B:B,A:B,A:A
5,A:B,A:B,B:B,A:B,A:B,B:B,A:B,A:B,A:B,A:B,B:B,B:B,B:B,B:B,B:B,A:B,B:B,A:A,B:B,A:A
5,A:A,A:B,A:A,A:B,A:B,B:B,A:A,B:B,B:B,A:B,B:B,B:B,B:B,B:B,B:B,A:A,A:B,B:B,A:B,A:A
5,A:A,A:B,A:A,A:A,B:B,B:B,A:A,A:A,B:B,A:B,B:B,A:B,B:B,B:B,B:B,A:A,B:B,A:B,B:B,A:B
5,A:A,A:B,A:B,A:B,A:B,B:B,A:B,B:B,B:B,A:A,B:B,B:B,B:B,B:B,B:B,A:A,B:B,A:A,A:B,A:A
5,A:B,A:B,A:B,A:B,A:A,B:B,A:B,A:A,A:B,A:A,B:B,A:B,B:B,B:B,B:B,A:B,B:B,A:B,B:B,A:B
5,A:A,B:B,B:B,A:A,B:B,B:B,A:A,A:B,B:B,A:A,B:B,B:B,B:B,B:B,B:B,A:B,B:B,A:B,B:B,A:B
5,A:A,A:B,A:B,A:A,A:A,B:B,B:B,A:B,A:B,A:A,B:B,A:A,B:B,B:B,B:B,A:A,A:B,A:B,B:B,A:B
5,A:B,A:B,B:B,A:B,B:B,B:B,A:B,B:B,B:B,A:A,B:B,A:B,B:B,B:B,A:B,A:B,B:B,A:A,A:B,A:A
5,A:A,A:A,A:B,A:A,B:B,B:B,A:B,A:B,B:B,A:A,B:B,A:B,B:B,B:B,A:B,A:A,B:B,A:A,B:B,A:A
5,A:B,B:B,B:B,A:B,B:B,B:B,A:B,A:B,A:B,A:A,B:B,B:B,B:B,B:B,A:B,A:A,A:B,B:B,A:B,A:A
5,A:A,A:B,A:B,B:B,A:A,B:B,A:A,A:B,B:B,A:A,B:B,B:B,B:B,B:B,A:B,A:A,B:B,A:B,A:B,A:A
5,A:A,A:B,B:B,A:A,A:B,B:B,A:B,A:A,A:B,A:B,B:B,A:A,B:B,B:B,A:B,A:A,B:B,B:B,B:B,A:A
5,A:A,A:B,B:B,A:A,B:B,B:B,A:B,B:B,A:B,A:A,B:B,A:B,B:B,B:B,B:B,A:B,B:B,A:A,B:B,A:A
5,B:B,A:B,A:B,A:A,B:B,B:B,A:B,A:B,B:B,B:B,B:B,A:B,B:B,B:B,B:B,A:A,B:B,B:B,B:B,A:A
5,A:A,B:B,B:B,B:B,A:B,B:B,A:A,A:B,B:B,A:A,B:B,A:A,B:B,B:B,B:B,A:A,B:B,A:B,B:B,A:A
5,A:B,A:B,A:A,A:A,A:B,B:B,A:A,A:B,A:B,A:B,B:B,B:B,B:B,B:B,A:B,A:B,B:B,B:B,B:B,A:B
5,A:B,A:A,A:A,A:A,A:B,B:B,A:B,A:B,A:B,A:B,B:B,B:B,B:B,B:B,B:B,A:A,B:B,B:B,B:B,A:B
5,A:B,A:B,A:A,A:A,B:B,B:B,A:A,A:A,A:A,A:B,B:B,B:B,B:B,B:B,A:B,A:B,B:B,A:B,B:B,A:A
5,A:B,B:B,B:B,A:A,A:B,B:B,B:B,B:B,A:B,A:A,B:B,A:B,B:B,B:B,A:B,A:A,B:B,A:A,B:B,A:A
5,A:A,A:B,A:B,A:A,A:A,B:B,B:B,B:B,B:B,A:A,B:B,A:B,B:B,B:B,B:B,A:B,B:B,A:B,B:B,A:B
5,A:B,B:B,A:B,B:B,A:B,B:B,A:B,A:B,A:B,A:B,B:B,B:B,B:B,B:B,B:B,A:A,B:B,A:A,A:B,A:A
5,A:A,B:B,B:B,A:B,B:B,B:B,B:B,A:B,B:B,A:A,B:B,B:B,B:B,B:B,B:B,A:A,B:B,A:A,B:B,A:A
5,A:B,A:B,A:B,A:A,B:B,B:B,A:A,A:B,B:B,A:A,B:B,A:A,B:B,A:B,B:B,A:B,B:B,A:B,B:B,A:A
5,A:B,A:B,A:B,A:B,A:A,B:B,B:B,A:B,B:B,A:B,B:B,A:B,B:B,B:B,A:B,A:A,B:B,A:B,B:B,A:B
5,A:A,A:A,A:B,A:A,A:B,B:B,A:B,A:A,A:B,A:B,B:B,A:B,B:B,B:B,B:B,A:A,B:B,B:B,B:B,A:B
5,A:A,B:B,A:B,A:B,B:B,B:B,A:A,A:A,A:B,A:B,B:B,B:B,B:B,B:B,B:B,A:B,B:B,B:B,B:B,A:B
5,A:A,A:B,A:A,A:A,A:B,B:B,A:B,A:B,B:B,A:B,B:B,B:B,B:B,A:B,B:B,A:A,B:B,A:A,B:B,A:A
5,A:A,A:A,A:B,A:A,A:B,B:B,B:B,A:B,B:B,A:A,B:B,B:B,B:B,B:B,B:B,A:A,B:B,A:B,B:B,A:A
5,A:A,A:A,A:B,A:B,A:B,B:B,A:B,A:B,B:B,A:A,B:B,A:A,B:B,B:B,B:B,A:B,B:B,B:B,A:B,A:A
5,A:B,B:B,A:B,A:A,B:B,B:B,B:B,A:B,B:B,A:A,B:B,A:B,B:B,B:B,A:B,A:A,B:B,A:A,A:B,A:B
5,A:B,A:B,B:B,A:B,A:B,B:B,B:B,A:B,A:A,A:A,B:B,A:B,A:B,B:B,B:B,A:B,B:B,A:A,B:B,A:A
5,A:A,B:B,A:B,A:A,A:B,B:B,A:A,A:B,B:B,A:A,B:B,A:B,B:B,B:B,B:B,A:A,B:B,A:B,B:B,A:B
5,A:A,B:B,B:B,B:B,A:B,B:B,A:B,A:B,B:B,A:B,B:B,A:B,B:B,B:B,B:B,A:A,A:B,B:B,B:B,A:A
5,B:B,A:B,A:B,A:B,A:A,B:B,A:B,A:B,A:B,A:A,B:B,B:B,A:B,B:B,B:B,A:B,B:B,A:B,A:A,A:A
5,A:A,A:B,A:B,A:B,A:A,B:B,A:A,A:B,B:B,A:B,B:B,A:B,B:B,B:B,B:B,A:A,B:B,A:B,A:B,A:A
5,A:B,A:A,A:B,A:A,A:B,B:B,A:B,A:B,B:B,B:B,B:B,A:A,B:B,B:B,B:B,A:B,A:B,A:B,A:A,A:A
5,A:A,A:B,A:B,A:A,A:A,B:B,B:B,A:B,B:B,A:A,B:B,A:B,B:B,B:B,B:B,A:B,B:B,A:B,B:B,A:A
5,A:A,B:B,A:B,A:A,A:B,B:B,A:A,B:B,A:B,A:B,B:B,A:B,B:B,B:B,B:B,A:A,B:B,A:B,B:B,A:A
5,A:A,A:B,A:B,A:A,A:B,B:B,A:B,A:B,A:B,A:B,B:B,A:B,B:B,B:B,B:B,A:A,B:B,A:B,B:B,A:A
5,A:A,A:A,A:B,A:B,A:B,B:B,A:B,A:A,B:B,A:B,B:B,B:B,B:B,B:B,B:B,A:A,A:B,A:A,B:B,A:A
5,A:B,A:B,A:B,A:A,A:A,B:B,B:B,B:B,A:B,A:A,B:B,A:B,B:B,B:B,B:B,A:B,B:B,A:B,B:B,A:A
5,B:B,A:B,B:B,A:B,B:B,B:B,A:B,B:B,A:B,B:B,B:B,A:B,B:B,A:B,B:B,A:A,A:B,B:B,A:A,A:A
5,A:A,B:B,B:B,A:B,B:B,B:B,A:A,B:B,B:B,A:B,B:B,A:B,B:B,B:B,B:B,B:B,B:B,B:B,B:B,A:A
5,B:B,A:B,A:B,A:B,B:B,B:B,A:A,A:B,B:B,A:B,B:B,A:B,B:B,B:B,B:B,A:B,B:B,B:B,B:B,A:A
5,B:B,B:B,A:B,A:A,B:B,B:B,A:B,A:B,B:B,A:A,B:B,B:B,B:B,B:B,B:B,A:A,B:B,A:B,B:B,A:A
5,B:B,B:B,A:B,A:A,A:B,B:B,A:A,A:A,A:A,B:B,B:B,A:A,B:B,B:B,B:B,A:A,B:B,A:B,B:B,A:A
5,B:B,A:B,A:B,A:B,A:B,B:B,B:B,A:A,B:B,A:A,B:B,A:B,B:B,A:B,B:B,A:A,A:B,A:B,A:A,A:A
5,A:A,A:B,A:B,A:B,A:A,B:B,B:B,A:B,B:B,A:B,B:B,B:B,B:B,B:B,B:B,A:A,B:B,B:B,B:B,A:B
5,A:A,B:B,B:B,A:A,B:B,B:B,B:B,A:B,B:B,A:A,B:B,A:B,B:B,B:B,B:B,A:A,B:B,A:A,B:B,A:A
5,A:A,B:B,A:B,A:A,B:B,B:B,A:A,B:B,B:B,A:B,B:B,A:A,B:B,B:B,B:B,A:A,B:B,A:B,A:B,A:A
5,A:B,B:B,B:B,A:A,A:B,B:B,A:B,A:B,B:B,A:A,B:B,A:B,B:B,B:B,B:B,A:A,B:B,A:B,B:B,A:A
5,A:B,A:B,B:B,A:B,A:A,B:B,A:B,A:B,A:B,A:A,B:B,A:B,B:B,B:B,B:B,A:A,B:B,A:B,B:B,A:A
5,A:B,B:B,B:B,A:A,A:B,B:B,B:B,B:B,A:A,A:A,B:B,A:B,B:B,B:B,A:B,A:A,B:B,B:B,A:B,A:A
5,A:A,A:B,B:B,B:B,A:A,B:B,A:B,A:B,B:B,A:B,B:B,A:B,B:B,B:B,B:B,B:B,B:B,A:B,B:B,A:A
5,A:A,B:B,A:B,A:A,B:B,B:B,A:B,A:A,A:A,A:A,B:B,B:B,B:B,B:B,B:B,A:B,B:B,A:B,B:B,A:A
5,A:B,B:B,A:A,A:A,B:B,B:B,A:B,A:A,B:B,A:A,B:B,A:B,B:B,B:B,B:B,A:A,B:B,B:B,B:B,A:A
5,A:B,B:B,A:B,A:B,B:B,B:B,A:A,B:B,A:B,A:B,B:B,B:B,B:B,B:B,A:B,A:A,B:B,A:B,A:B,A:A
5,A:B,A:B,A:B,A:A,A:B,B:B,A:B,A:B,A:B,A:A,B:B,A:B,B:B,B:B,B:B,A:A,B:B,B:B,B:B,A:A
5,A:A,B:B,B:B,A:B,A:B,B:B,A:A,A:A,B:B,A:A,B:B,A:B,B:B,B:B,B:B,A:A,B:B,A:B,B:B,A:A
5,A:B,A:B,A:B,B:B,B:B,B:B,A:A,A:B,A:A,A:A,B:B,B:B,B:B,B:B,B:B,A:A,B:B,A:A,B:B,A:A
5,A:B,B:B,A:A,A:B,A:B,B:B,A:B,A:B,B:B,A:B,B:B,A:B,B:B,B:B,B:B,A:A,B:B,A:B,B:B,A:A
5,A:B,A:B,B:B,A:A,A:B,B:B,A:A,A:B,A:B,A:A,B:B,B:B,B:B,B:B,B:B,A:A,B:B,A:B,A:B,A:A
5,A:B,A:B,A:B,B:B,A:B,B:B,B:B,A:A,A:B,A:B,B:B,B:B,B:B,B:B,B:B,A:A,B:B,A:B,B:B,A:A
5,A:A,A:B,A:A,A:A,A:B,B:B,A:A,B:B,A:B,A:A,B:B,A:A,B:B,B:B,B:B,B:B,B:B,A:B,A:B,A:A
5,B:B,A:A,A:A,A:B,A:A,B:B,A:A,A:B,A:A,A:A,B:B,A:B,B:B,B:B,B:B,A:B,B:B,A:B,A:B,A:A
6,A:A,A:A,A:B,A:A,A:A,B:B,A:A,A:A,B:B,A:A,B:B,A:B,B:B,B:B,B:B,A:B,A:B,B:B,B:B,A:B
6,B:B,A:B,A:B,A:A,B:B,B:B,A:B,B:B,A:B,A:A,B:B,A:A,B:B,B:B,A:B,A:A,A:B,A:A,B:B,A:B
6,A:A,A:A,A:A,A:A,A:B,B:B,A:B,A:B,A:B,A:B,B:B,A:B,B:B,B:B,A:A,A:A,A:A,B:B,B:B,A:A
6,A:A,A:A,A:A,A:B,B:B,B:B,A:A,A:B,A:A,A:A,B:B,A:B,B:B,B:B,B:B,A:A,A:B,B:B,B:B,A:B
6,A:A,A:A,A:A,B:B,A:A,B:B,A:B,A:B,A:B,B:B,B:B,A:B,B:B,B:B,A:B,A:A,B:B,A:B,B:B,A:B
6,A:B,A:B,A:B,A:B,A:B,B:B,A:A,A:B,B:B,A:A,B:B,A:B,B:B,B:B,B:B,A:A,A:B,A:B,B:B,A:B
6,B:B,A:B,A:B,A:A,A:B,B:B,A:B,A:B,A:B,A:A,B:B,A:A,B:B,B:B,A:B,A:A,A:A,A:B,A:B,A:B
6,A:A,A:B,B:B,A:A,B:B,B:B,A:A,A:A,A:A,A:B,B:B,B:B,B:B,B:B,A:B,A:A,A:B,A:B,B:B,A:B
6,A:A,B:B,B:B,B:B,A:B,B:B,A:B,A:A,A:B,A:A,B:B,A:B,B:B,B:B,A:A,A:A,A:B,A:B,B:B,A:A
6,A:A,B:B,A:B,A:A,A:B,B:B,A:A,A:A,B:B,A:B,B:B,A:B,B:B,B:B,B:B,A:A,B:B,B:B,A:B,A:A
6,B:B,A:A,A:A,A:A,A:B,B:B,A:A,A:A,A:B,A:B,B:B,B:B,B:B,B:B,B:B,A:A,B:B,B:B,B:B,A:B
6,A:B,B:B,A:A,A:A,A:B,B:B,A:B,A:A,A:B,A:A,B:B,B:B,B:B,B:B,A:B,A:A,B:B,B:B,A:B,B:B
6,A:B,A:A,B:B,A:A,B:B,B:B,A:A,A:B,B:B,A:A,B:B,A:A,B:B,B:B,A:B,A:A,B:B,B:B,B:B,A:B
6,A:B,A:B,B:B,A:B,B:B,B:B,A:B,A:B,B:B,A:A,B:B,A:B,B:B,B:B,A:B,A:A,A:B,B:B,B:B,A:B
6,A:B,B:B,A:B,A:A,B:B,B:B,B:B,A:B,B:B,A:A,B:B,A:A,B:B,B:B,B:B,A:A,B:B,A:B,B:B,A:A
6,A:B,B:B,A:B,A:A,A:B,B:B,B:B,A:A,B:B,A:B,B:B,A:A,B:B,B:B,B:B,A:A,B:B,B:B,B:B,A:B
6,A:A,B:B,A:B,A:A,A:A,B:B,A:B,A:A,B:B,A:A,B:B,A:A,B:B,B:B,A:B,A:A,B:B,B:B,B:B,A:A
6,A:B,A:A,A:B,A:A,B:B,B:B,A:B,A:B,B:B,A:B,B:B,A:B,B:B,B:B,B:B,A:A,A:B,A:B,B:B,A:A
6,A:B,B:B,A:B,A:A,B:B,B:B,A:B,A:B,A:B,A:A,B:B,A:B,B:B,B:B,A:B,A:A,B:B,A:B,B:B,A:B
6,A:B,B:B,A:B,A:A,A:B,B:B,B:B,A:A,A:B,A:B,B:B,A:B,B:B,B:B,B:B,A:A,A:B,A:B,B:B,A:B
6,A:B,A:A,A:B,A:A,A:B,B:B,A:B,A:A,B:B,A:A,B:B,A:B,B:B,B:B,A:B,A:A,A:A,A:B,B:B,A:B
6,A:A,A:B,A:B,A:A,B:B,B:B,B:B,B:B,A:B,A:B,B:B,A:B,B:B,B:B,B:B,A:A,B:B,A:B,B:B,A:B
6,B:B,A:B,A:A,A:A,A:A,B:B,A:A,A:A,A:B,A:A,B:B,B:B,B:B,B:B,A:B,A:A,B:B,B:B,B:B,A:A
6,B:B,A:A,A:B,A:A,A:B,B:B,A:B,A:A,B:B,A:A,B:B,A:A,B:B,B:B,A:B,A:A,B:B,B:B,B:B,A:A
6,B:B,A:B,B:B,A:A,B:B,B:B,A:B,A:A,A:B,A:A,B:B,B:B,B:B,B:B,B:B,A:A,B:B,A:B,B:B,A:A
6,B:B,A:A,B:B,A:A,A:B,B:B,A:A,A:A,A:B,A:B,B:B,A:A,B:B,B:B,A:B,A:A,B:B,A:B,B:B,A:B
6,B:B,A:A,A:B,A:A,B:B,B:B,A:B,B:B,A:B,A:B,B:B,A:A,B:B,B:B,B:B,A:A,A:B,A:B,B:B,B:B
6,A:B,A:B,A:B,A:B,B:B,B:B,A:A,A:A,B:B,A:B,B:B,A:A,B:B,B:B,B:B,A:A,B:B,B:B,B:B,A:B
6,A:B,A:B,B:B,A:A,A:B,B:B,A:A,A:B,B:B,A:B,B:B,A:B,B:B,B:B,B:B,A:A,B:B,B:B,B:B,A:B
6,A:A,A:A,B:B,A:B,A:B,B:B,B:B,B:B,A:A,B:B,B:B,A:B,B:B,B:B,A:B,A:A,A:B,B:B,B:B,A:B
6,B:B,A:B,A:B,A:A,B:B,B:B,B:B,A:B,B:B,A:B,B:B,A:A,B:B,B:B,A:B,A:A,B:B,B:B,B:B,A:A
6,A:B,A:B,A:B,A:B,B:B,B:B,B:B,A:B,B:B,A:B,B:B,A:B,B:B,B:B,A:B,A:A,A:B,A:B,A:B,A:A
6,A:B,A:A,A:A,A:B,A:B,B:B,A:B,A:A,A:B,A:B,B:B,A:A,B:B,B:B,A:B,A:A,B:B,A:A,B:B,A:A
6,A:A,A:B,B:B,A:A,A:B,B:B,B:B,A:A,B:B,B:B,B:B,A:B,B:B,B:B,A:B,A:A,B:B,B:B,B:B,B:B
6,A:A,A:B,A:A,A:B,B:B,B:B,A:A,A:B,A:B,A:B,B:B,A:B,B:B,B:B,A:B,A:A,B:B,A:B,B:B,A:A
6,B:B,A:A,A:B,A:A,B:B,B:B,A:A,A:B,B:B,A:B,B:B,A:B,B:B,B:B,B:B,A:A,A:A,A:A,B:B,A:A
6,A:A,A:B,A:B,A:A,A:B,B:B,B:B,A:B,B:B,A:B,B:B,A:B,B:B,B:B,B:B,A:A,A:B,B:B,B:B,B:B
6,A:B,A:B,B:B,A:B,A:B,B:B,A:B,A:A,A:B,A:A,B:B,A:B,B:B,B:B,A:B,A:A,A:B,A:B,B:B,A:B
6,B:B,A:A,A:B,A:B,A:B,B:B,A:B,A:A,A:B,A:B,B:B,A:A,B:B,B:B,B:B,A:A,A:B,A:B,B:B,A:A
6,A:B,A:B,B:B,A:A,A:A,B:B,A:B,A:A,A:B,A:B,B:B,A:B,B:B,B:B,B:B,A:A,A:A,B:B,B:B,A:B
6,A:B,A:B,A:B,A:B,A:B,B:B,B:B,A:A,B:B,A:A,B:B,B:B,B:B,B:B,B:B,A:A,B:B,A:B,B:B,A:A
6,A:A,A:B,B:B,A:B,B:B,B:B,B:B,A:B,B:B,B:B,B:B,A:B,B:B,B:B,B:B,A:A,B:B,B:B,B:B,A:B
6,A:B,A:B,A:A,A:A,A:B,B:B,A:B,A:B,A:B,A:A,B:B,A:B,B:B,B:B,A:A,A:A,B:B,A:B,B:B,B:B
6,A:A,A:B,A:B,A:A,A:B,B:B,A:B,A:B,B:B,A:A,B:B,B:B,B:B,B:B,B:B,A:A,B:B,B:B,B:B,A:B
6,B:B,A:B,B:B,A:A,A:B,B:B,A:A,A:B,A:B,A:B,B:B,B:B,B:B,B:B,A:B,A:A,A:B,A:B,B:B,A:A
6,A:A,A:B,B:B,A:B,B:B,B:B,B:B,A:B,A:B,A:B,B:B,A:B,B:B,B:B,A:B,A:A,A:B,A:B,B:B,A:B
6,A:B,A:A,B:B,A:A,A:B,B:B,A:B,A:B,A:B,B:B,B:B,A:B,B:B,B:B,B:B,A:B,B:B,A:B,B:B,A:B
6,A:A,B:B,A:B,A:A,B:B,B:B,A:B,A:B,A:B,A:A,B:B,A:B,B:B,B:B,B:B,A:A,A:B,A:B,B:B,B:B
6,A:B,A:A,A:B,B:B,A:B,B:B,A:A,A:A,B:B,A:B,B:B,A:B,B:B,B:B,A:A,A:A,A:B,A:B,A:B,A:B
6,A:B,A:B,A:B,A:A,B:B,B:B,A:B,A:A,A:B,A:A,B:B,A:B,B:B,B:B,A:B,A:A,A:B,B:B,B:B,B:B
6,A:A,A:B,B:B,A:A,A:B,B:B,A:A,A:B,A:B,A:A,B:B,B:B,B:B,B:B,B:B,A:A,A:B,B:B,B:B,A:B
6,A:B,A:B,B:B,A:B,B:B,B:B,A:B,B:B,A:A,A:B,B:B,A:A,B:B,B:B,A:B,A:A,A:B,A:A,B:B,A:B
6,B:B,B:B,B:B,A:A,B:B,B:B,A:B,B:B,B:B,B:B,B:B,A:A,B:B,B:B,B:B,A:A,A:A,B:B,B:B,A:A
6,A:B,A:B,A:B,A:A,B:B,B:B,A:B,A:A,A:B,A:B,B:B,A:A,B:B,B:B,A:B,A:A,B:B,B:B,B:B,A:B
6,B:B,A:A,A:B,A:A,A:A,B:B,A:B,B:B,B:B,A:A,B:B,B:B,B:B,B:B,A:B,A:A,B:B,A:A,B:B,A:B
6,A:B,A:A,B:B,A:A,B:B,B:B,A:B,A:A,A:B,A:A,B:B,A:B,B:B,B:B,A:B,A:A,A:B,A:B,B:B,B:B
6,A:A,A:B,B:B,A:A,A:B,B:B,A:B,A:B,B:B,A:B,B:B,A:B,B:B,B:B,B:B,A:A,A:A,B:B,B:B,A:A
6,A:A,A:B,A:B,A:A,A:A,B:B,A:B,A:A,A:B,A:B,B:B,B:B,B:B,B:B,A:B,A:A,A:B,B:B,B:B,A:A
6,A:A,A:B,A:B,A:B,B:B,B:B,A:B,A:A,B:B,A:B,B:B,A:B,B:B,B:B,A:A,A:A,B:B,B:B,B:B,A:A
6,A:A,A:B,A:B,A:A,A:A,B:B,A:B,A:A,A:B,A:A,B:B,B:B,B:B,B:B,B:B,A:A,B:B,A:B,A:B,B:B
6,A:B,B:B,B:B,A:A,B:B,B:B,A:A,A:B,A:B,B:B,B:B,B:B,B:B,B:B,A:B,A:A,A:B,A:B,B:B,A:A
6,A:A,A:A,B:B,A:A,B:B,B:B,A:B,A:A,A:A,B:B,B:B,A:B,B:B,B:B,A:B,A:A,A:A,A:B,B:B,A:A
6,A:B,A:A,A:B,A:A,A:A,B:B,A:B,A:B,A:A,A:A,B:B,A:B,B:B,B:B,A:B,A:A,B:B,A:A,B:B,A:A
6,A:B,A:A,A:B,A:A,A:B,B:B,A:A,A:B,B:B,A:B,B:B,A:B,B:B,B:B,A:B,A:A,B:B,A:B,B:B,A:A
6,B:B,A:A,A:B,A:B,A:B,B:B,A:B,A:B,B:B,A:B,B:B,B:B,B:B,B:B,A:B,A:A,B:B,A:B,B:B,B:B
6,B:B,B:B,A:B,A:A,B:B,B:B,A:B,A:B,A:B,A:B,B:B,A:B,B:B,B:B,B:B,A:A,A:B,B:B,B:B,A:A
6,A:A,A:B,A:B,A:A,A:B,B:B,B:B,A:A,A:B,A:B,B:B,A:B,B:B,B:B,A:B,A:A,B:B,A:B,A:B,A:B
6,A:B,A:A,B:B,A:A,A:B,B:B,A:B,A:B,B:B,A:B,B:B,A:B,B:B,B:B,B:B,A:A,B:B,B:B,B:B,A:B
6,A:B,B:B,A:A,A:A,B:B,B:B,A:B,A:B,A:A,A:A,B:B,A:B,B:B,B:B,B:B,A:A,A:B,A:A,B:B,A:A
6,A:B,A:A,B:B,A:A,B:B,B:B,A:B,A:B,B:B,A:A,B:B,A:A,B:B,B:B,A:B,A:A,A:A,B:B,B:B,A:B
6,A:A,A:A,A:B,A:B,B:B,B:B,A:B,A:B,B:B,A:B,B:B,B:B,B:B,B:B,A:B,A:A,A:B,A:B,A:A,A:A
6,A:B,A:A,B:B,A:A,B:B,B:B,A:B,A:A,B:B,A:B,B:B,A:A,B:B,B:B,B:B,A:A,A:B,B:B,B:B,A:B
6,A:A,A:A,B:B,A:A,B:B,B:B,B:B,A:B,A:B,A:B,B:B,B:B,B:B,B:B,B:B,A:A,A:B,B:B,B:B,A:B
6,A:B,A:A,B:B,B:B,B:B,B:B,A:A,A:A,A:B,A:A,B:B,A:B,B:B,B:B,B:B,A:A,B:B,A:A,B:B,A:B
6,A:B,A:B,B:B,A:B,B:B,B:B,B:B,A:A,A:A,A:B,B:B,A:B,B:B,B:B,B:B,A:A,B:B,A:B,B:B,A:A
6,A:A,A:B,B:B,A:B,A:B,B:B,B:B,A:B,B:B,B:B,B:B,A:B,B:B,B:B,B:B,A:A,A:B,B:B,B:B,A:A
6,A:A,B:B,A:B,A:A,A:A,B:B,A:B,A:A,A:B,A:A,B:B,A:B,B:B,B:B,A:A,A:A,B:B,A:B,B:B,A:A
6,A:A,A:A,B:B,A:A,B:B,B:B,A:A,A:A,B:B,A:B,B:B,A:B,B:B,B:B,A:A,A:A,A:B,B:B,B:B,B:B
6,A:B,A:B,A:B,A:A,B:B,B:B,B:B,A:A,B:B,A:A,B:B,B:B,B:B,B:B,A:B,A:A,B:B,B:B,B:B,A:A
6,A:B,A:A,A:B,A:A,A:A,B:B,A:A,A:A,B:B,A:A,B:B,A:B,B:B,B:B,B:B,A:A,B:B,B:B,A:A,A:A
6,A:B,A:A,B:B,A:A,B:B,B:B,B:B,B:B,A:A,A:B,B:B,B:B,B:B,B:B,A:B,A:A,B:B,A:B,B:B,A:B
6,A:A,A:A,A:A,A:A,A:B,B:B,A:A,A:B,A:B,A:A,B:B,A:A,B:B,B:B,A:B,A:A,B:B,A:A,B:B,A:A
6,B:B,A:B,A:B,A:B,A:B,B:B,A:A,A:B,A:A,A:B,B:B,B:B,B:B,B:B,B:B,A:A,B:B,B:B,B:B,A:A
6,A:A,B:B,A:A,A:B,B:B,B:B,A:A,A:A,A:B,A:A,B:B,A:B,B:B,B:B,B:B,A:A,B:B,A:B,A:B,A:A
6,A:B,B:B,B:B,A:B,A:B,B:B,B:B,A:A,B:B,A:B,B:B,A:A,B:B,B:B,B:B,A:A,B:B,A:B,B:B,A:B
6,A:A,A:A,B:B,A:A,B:B,B:B,A:B,B:B,A:B,B:B,B:B,A:A,B:B,B:B,B:B,A:A,A:B,A:B,B:B,A:A
6,A:B,A:B,A:B,A:A,B:B,B:B,A:A,A:A,A:B,A:A,B:B,A:B,B:B,B:B,B:B,A:A,B:B,B:B,B:B,B:B
6,A:A,A:A,A:B,A:A,A:B,B:B,A:A,A:A,A:B,A:A,B:B,A:B,B:B,B:B,A:B,A:A,A:A,A:B,A:B,A:B
6,A:B,A:B,A:B,A:A,A:B,B:B,A:A,A:B,A:A,A:A,B:B,B:B,B:B,B:B,A:A,A:A,B:B,A:B,B:B,A:B
6,A:B,B:B,B:B,A:B,A:B,B:B,A:B,A:A,A:A,A:B,B:B,A:B,B:B,B:B,B:B,A:A,A:B,B:B,B:B,A:B
6,A:A,A:B,A:B,A:A,A:B,B:B,B:B,A:A,B:B,A:B,B:B,A:B,B:B,B:B,B:B,A:A,B:B,B:B,B:B,A:B
6,A:B,A:B,B:B,A:A,B:B,B:B,B:B,A:B,A:A,B:B,B:B,A:B,B:B,B:B,B:B,A:A,B:B,B:B,B:B,A:A
6,A:B,A:B,A:A,A:A,A:B,B:B,A:B,A:A,A:B,A:B,B:B,A:B,B:B,B:B,B:B,A:A,A:B,A:B,B:B,A:B
6,A:B,A:B,A:B,A:B,B:B,B:B,A:B,A:B,B:B,A:A,B:B,A:B,B:B,B:B,B:B,A:A,B:B,B:B,B:B,A:B
6,A:B,A:B,A:A,A:A,A:A,B:B,A:B,A:B,B:B,A:A,B:B,A:B,B:B,B:B,B:B,A:A,B:B,A:B,A:B,A:A
6,B:B,B:B,B:B,A:A,A:B,B:B,A:B,A:A,B:B,A:B,B:B,A:B,B:B,B:B,A:B,A:A,B:B,A:B,A:B,A:A
6,A:B,A:A,A:B,A:A,A:B,B:B,A:B,B:B,A:A,A:A,B:B,A:B,B:B,B:B,A:B,A:A,A:B,A:B,B:B,A:B
6,A:B,A:B,A:B,A:A,A:A,B:B,A:B,A:B,A:B,A:B,B:B,A:B,B:B,B:B,A:B,A:A,B:B,B:B,B:B,A:A
6,A:A,A:B,A:B,A:A,B:B,B:B,A:B,A:B,B:B,A:B,B:B,A:B,B:B,B:B,A:B,A:A,B:B,B:B,B:B,B:B
6,A:B,A:A,A:B,A:A,A:A,B:B,B:B,A:A,A:B,A:A,B:B,A:A,B:B,B:B,B:B,A:A,B:B,B:B,B:B,A:A
7,B:B,A:B,A:B,A:A,A:A,B:B,A:B,A:A,A:B,A:B,B:B,B:B,B:B,B:B,B:B,A:A,A:B,B:B,B:B,A:A
7,A:B,A:B,A:A,A:A,B:B,B:B,A:A,A:A,B:B,A:B,B:B,A:B,B:B,B:B,A:B,A:A,A:B,A:B,B:B,A:B
7,A:B,A:A,A:A,A:A,B:B,B:B,A:B,A:B,A:B,B:B,B:B,B:B,B:B,B:B,A:B,A:A,A:B,B:B,A:B,A:B
7,B:B,A:B,A:B,A:A,A:B,B:B,A:A,A:A,B:B,A:A,B:B,A:B,B:B,B:B,B:B,A:A,A:B,B:B,B:B,A:A
7,A:B,B:B,A:A,A:A,B:B,B:B,A:A,A:A,A:B,A:B,B:B,B:B,B:B,B:B,A:B,A:A,A:A,A:B,B:B,A:B
7,B:B,A:A,A:B,A:A,B:B,B:B,B:B,A:A,B:B,A:A,B:B,A:B,B:B,B:B,A:A,A:A,B:B,A:B,B:B,B:B
7,A:B,A:A,A:A,A:A,B:B,B:B,A:A,A:B,B:B,B:B,B:B,B:B,B:B,B:B,A:B,A:A,A:B,A:B,B:B,A:B
7,A:B,A:A,A:A,A:A,B:B,B:B,A:A,A:A,B:B,A:A,B:B,A:B,B:B,B:B,A:B,A:A,B:B,B:B,B:B,B:B
7,A:B,A:B,A:B,A:A,B:B,B:B,A:B,A:A,A:A,A:B,B:B,A:B,B:B,B:B,B:B,A:A,A:A,A:B,A:B,A:A
7,B:B,A:A,A:A,A:A,A:B,B:B,B:B,A:A,A:B,A:A,B:B,A:A,B:B,B:B,A:B,A:A,A:B,B:B,B:B,A:B
7,B:B,A:A,A:A,A:A,B:B,B:B,A:A,A:A,A:B,A:B,B:B,A:A,B:B,B:B,A:A,A:A,A:A,A:B,B:B,A:B
7,B:B,A:B,A:A,A:A,B:B,B:B,A:A,A:A,A:B,A:B,B:B,A:A,B:B,B:B,A:B,A:A,B:B,B:B,B:B,A:A
7,A:A,A:B,A:A,A:A,B:B,B:B,A:B,A:B,B:B,A:B,B:B,A:B,B:B,B:B,A:A,A:A,A:A,B:B,B:B,A:B
7,A:B,A:B,A:A,A:A,B:B,B:B,A:B,A:B,A:B,B:B,B:B,B:B,B:B,B:B,B:B,A:A,A:B,A:B,B:B,A:B
7,B:B,A:A,A:A,A:A,B:B,B:B,A:A,A:A,A:B,A:B,B:B,A:B,B:B,B:B,A:B,A:A,A:B,A:B,B:B,B:B
7,A:B,B:B,A:B,A:A,A:B,B:B,A:A,A:A,B:B,A:A,B:B,B:B,B:B,B:B,B:B,A:A,A:A,A:B,B:B,A:A
7,B:B,B:B,A:A,A:A,B:B,B:B,A:B,A:B,B:B,A:B,B:B,A:B,B:B,B:B,A:B,A:A,A:A,A:B,B:B,B:B
7,A:B,A:B,A:A,A:A,A:B,B:B,A:A,A:A,B:B,B:B,B:B,A:B,B:B,B:B,A:B,A:A,A:A,B:B,B:B,A:A
7,A:B,A:B,A:A,A:A,B:B,B:B,A:A,A:A,A:A,A:A,B:B,A:B,B:B,B:B,A:A,A:A,A:A,A:A,B:B,A:B
7,A:B,B:B,A:B,A:A,A:B,B:B,A:B,A:A,B:B,A:A,B:B,A:B,B:B,B:B,A:B,A:A,A:B,A:B,B:B,A:B
7,A:A,A:A,A:B,A:A,B:B,B:B,A:A,A:B,B:B,A:A,B:B,B:B,B:B,B:B,B:B,A:A,A:A,A:A,B:B,A:A
7,A:B,A:B,A:A,A:A,B:B,B:B,A:B,A:A,A:B,A:A,B:B,A:A,B:B,B:B,A:A,A:A,A:A,A:B,B:B,A:A
7,A:A,A:B,A:B,A:A,A:B,B:B,A:A,A:B,B:B,B:B,B:B,A:B,B:B,B:B,A:B,A:A,A:B,A:A,B:B,B:B
7,A:B,A:A,A:B,A:A,B:B,B:B,A:B,A:B,B:B,A:B,B:B,B:B,B:B,B:B,A:B,A:A,A:A,A:A,B:B,A:B
7,A:A,A:B,A:A,A:A,B:B,B:B,A:B,A:B,A:B,A:A,B:B,A:A,B:B,B:B,B:B,A:A,A:A,A:B,B:B,A:A
7,A:B,A:A,A:A,A:A,B:B,B:B,A:B,B:B,B:B,A:B,B:B,A:B,B:B,B:B,B:B,A:A,A:A,A:B,B:B,B:B
7,A:B,A:A,A:B,A:A,B:B,B:B,A:A,A:A,B:B,A:A,B:B,B:B,B:B,B:B,B:B,A:A,A:A,A:B,B:B,B:B
7,B:B,A:A,A:A,A:A,B:B,B:B,A:B,A:A,B:B,A:A,B:B,A:B,B:B,B:B,A:B,A:A,A:B,A:B,B:B,A:B
7,A:B,B:B,A:A,A:A,A:B,B:B,A:A,A:B,B:B,B:B,B:B,A:A,B:B,B:B,A:B,A:A,A:B,B:B,B:B,A:B
7,B:B,A:B,A:B,A:A,A:B,B:B,A:A,A:A,B:B,A:B,B:B,B:B,B:B,B:B,A:B,A:A,A:A,A:A,B:B,A:B
7,B:B,A:A,A:B,A:A,B:B,B:B,A:A,A:A,A:B,A:B,B:B,B:B,B:B,B:B,B:B,A:A,A:A,A:B,B:B,B:B
7,B:B,A:B,A:A,A:A,A:B,B:B,B:B,A:B,B:B,A:B,B:B,B:B,B:B,B:B,A:B,A:A,A:B,A:B,B:B,A:A
7,A:B,A:B,A:A,A:A,B:B,B:B,A:A,A:A,A:A,A:B,B:B,A:B,B:B,B:B,B:B,A:A,A:A,A:B,A:B,A:A
7,A:B,A:B,A:B,A:A,B:B,B:B,A:A,A:B,A:B,A:B,B:B,B:B,B:B,B:B,A:A,A:A,A:B,A:B,B:B,B:B
7,A:A,A:A,A:A,A:A,A:B,B:B,A:B,A:A,A:B,A:A,B:B,B:B,B:B,B:B,A:A,A:A,A:A,A:A,B:B,A:A
7,A:A,A:A,A:A,A:A,A:A,B:B,A:A,A:A,B:B,A:A,B:B,A:B,B:B,B:B,B:B,A:A,A:A,A:A,A:B,A:B
7,B:B,A:A,A:A,A:A,B:B,B:B,A:B,A:A,A:B,A:B,B:B,A:B,B:B,B:B,A:B,A:A,A:A,A:B,B:B,A:B
7,A:A,A:B,A:B,A:A,B:B,B:B,A:A,A:A,B:B,A:A,B:B,A:A,B:B,B:B,A:B,A:A,A:A,B:B,B:B,A:B
7,A:A,A:A,A:A,A:A,B:B,B:B,B:B,A:A,B:B,B:B,B:B,A:A,B:B,B:B,B:B,A:A,A:B,A:B,B:B,A:B
7,A:B,A:B,A:A,A:A,B:B,B:B,A:A,A:A,A:B,B:B,B:B,A:A,B:B,B:B,B:B,A:A,A:A,B:B,B:B,A:A
7,A:B,B:B,A:A,A:A,B:B,B:B,A:B,A:A,B:B,A:B,B:B,B:B,B:B,B:B,A:B,A:A,A:A,B:B,B:B,A:B
7,A:B,A:A,A:B,A:A,B:B,B:B,A:B,A:B,A:B,A:B,B:B,A:B,B:B,B:B,A:A,A:A,B:B,A:A,B:B,A:B
7,A:B,A:B,A:B,A:A,B:B,B:B,A:B,A:B,B:B,B:B,B:B,A:B,B:B,B:B,A:B,A:A,A:B,B:B,B:B,B:B
7,A:A,A:B,A:A,A:A,B:B,B:B,A:B,A:B,A:B,A:A,B:B,B:B,B:B,B:B,B:B,A:A,A:A,A:B,B:B,A:B
7,A:B,A:B,B:B,A:A,B:B,B:B,A:B,A:A,B:B,A:A,B:B,A:B,B:B,B:B,A:B,A:A,A:A,B:B,A:B,B:B
7,A:B,A:A,A:B,A:A,A:B,B:B,A:B,A:B,B:B,A:A,B:B,A:B,B:B,B:B,B:B,A:A,A:B,A:B,B:B,A:A
7,B:B,A:A,A:B,A:A,A:B,B:B,A:B,A:A,A:B,A:A,B:B,A:A,B:B,B:B,A:B,A:A,B:B,B:B,B:B,A:B
7,B:B,A:A,A:A,A:A,B:B,B:B,A:A,A:A,A:B,A:A,B:B,A:B,B:B,B:B,A:A,A:A,A:B,A:A,B:B,A:B
7,A:A,A:A,A:A,A:A,B:B,B:B,A:B,A:A,A:B,A:B,B:B,B:B,B:B,B:B,A:A,A:A,A:A,A:B,B:B,A:B
7,B:B,A:A,A:A,A:A,B:B,B:B,A:B,A:A,B:B,A:B,B:B,B:B,B:B,B:B,A:A,A:A,A:B,A:A,B:B,B:B
7,A:B,A:A,A:A,A:A,B:B,B:B,A:A,A:A,A:B,A:B,B:B,B:B,B:B,B:B,B:B,A:A,A:A,A:A,B:B,A:B
7,B:B,A:B,A:A,A:A,B:B,B:B,A:B,A:B,B:B,A:B,B:B,A:B,B:B,B:B,B:B,A:A,A:A,A:A,A:B,B:B
7,A:A,A:B,A:A,A:A,A:B,B:B,B:B,A:B,A:B,A:B,B:B,A:A,B:B,B:B,B:B,A:A,A:B,A:B,B:B,B:B
7,A:B,A:A,A:B,A:A,A:A,B:B,A:A,A:B,A:B,A:A,B:B,A:B,B:B,B:B,A:B,A:A,A:B,A:A,B:B,A:B
7,A:B,A:A,A:A,A:A,B:B,B:B,A:A,A:A,B:B,A:B,B:B,B:B,B:B,B:B,A:B,A:A,A:A,B:B,B:B,B:B
7,B:B,A:A,A:B,A:A,B:B,B:B,A:B,A:A,A:B,A:A,B:B,A:B,B:B,B:B,A:A,A:A,A:B,A:B,B:B,B:B
7,A:B,A:A,A:A,A:A,B:B,B:B,A:A,A:A,B:B,A:A,B:B,B:B,B:B,B:B,A:B,A:A,A:B,A:B,B:B,A:B
7,B:B,A:B,A:B,A:A,B:B,B:B,A:B,A:A,A:A,A:B,B:B,A:A,B:B,B:B,B:B,A:A,A:A,A:A,B:B,A:B
7,A:A,A:A,A:A,A:A,A:B,B:B,A:A,A:A,A:B,A:B,B:B,A:B,B:B,B:B,A:A,A:A,A:A,A:B,A:B,B:B
7,B:B,A:B,A:B,A:A,B:B,B:B,A:A,A:A,B:B,A:B,B:B,B:B,B:B,B:B,A:A,A:A,A:A,A:B,A:B,A:B
7,B:B,A:B,A:A,A:A,A:B,B:B,B:B,A:A,B:B,A:B,B:B,A:B,B:B,B:B,A:A,A:A,A:B,A:A,B:B,A:B
7,B:B,A:B,A:B,A:A,A:B,B:B,B:B,A:A,A:A,B:B,B:B,A:B,B:B,B:B,A:B,A:A,A:A,A:B,A:B,A:B
7,A:B,A:A,A:A,A:A,B:B,B:B,B:B,A:A,B:B,A:A,B:B,A:B,B:B,B:B,A:A,A:A,A:B,B:B,B:B,A:A
7,A:A,A:A,A:A,A:A,A:B,B:B,A:A,A:B,B:B,A:A,B:B,A:A,B:B,B:B,A:B,A:A,A:B,A:B,B:B,A:B
7,A:B,A:A,A:A,A:A,B:B,B:B,A:A,A:A,B:B,B:B,B:B,A:B,B:B,B:B,A:A,A:A,A:A,A:A,B:B,A:A
7,B:B,A:A,A:B,A:A,B:B,B:B,B:B,A:A,A:B,A:A,B:B,A:A,B:B,B:B,B:B,A:A,A:A,A:A,B:B,B:B
7,A:A,A:A,A:A,A:A,B:B,B:B,B:B,A:A,A:B,A:B,B:B,B:B,B:B,B:B,B:B,A:A,A:B,A:A,B:B,A:B
7,A:B,A:A,A:A,A:A,B:B,B:B,B:B,A:A,B:B,A:B,B:B,A:B,B:B,B:B,A:B,A:A,A:B,A:B,B:B,A:A
7,A:A,A:B,A:A,A:A,B:B,B:B,B:B,A:B,B:B,B:B,B:B,A:A,B:B,B:B,A:B,A:A,A:A,B:B,B:B,A:B
7,A:B,A:B,A:B,A:A,A:B,B:B,A:A,A:A,B:B,A:A,B:B,A:B,B:B,B:B,A:B,A:A,A:A,A:B,B:B,A:A
7,A:A,A:B,A:A,A:A,A:B,B:B,A:B,A:B,A:B,A:B,B:B,B:B,B:B,B:B,B:B,A:A,A:B,B:B,B:B,B:B
7,A:B,A:B,A:A,A:A,B:B,B:B,A:B,A:B,A:B,A:A,B:B,B:B,B:B,B:B,A:B,A:A,A:B,B:B,B:B,A:B
7,A:B,A:A,A:A,A:A,B:B,B:B,A:B,A:B,B:B,B:B,B:B,B:B,B:B,B:B,B:B,A:A,A:A,A:A,B:B,A:B
7,A:A,A:A,A:B,A:A,B:B,B:B,A:A,A:A,A:B,B:B,B:B,A:A,B:B,B:B,A:B,A:A,A:A,A:B,B:B,A:B
7,A:B,A:A,A:A,A:A,A:B,B:B,B:B,A:A,B:B,B:B,B:B,A:A,B:B,B:B,A:A,A:A,A:B,A:B,B:B,B:B
7,A:B,A:A,A:B,A:A,A:B,B:B,A:A,A:A,A:A,A:B,B:B,A:B,B:B,B:B,A:A,A:A,A:A,A:B,B:B,A:B
7,A:A,A:B,A:A,A:A,B:B,B:B,A:B,A:A,A:B,A:A,B:B,B:B,B:B,B:B,B:B,A:A,A:B,A:B,B:B,A:B
7,A:A,A:A,A:A,A:A,B:B,B:B,A:A,A:A,B:B,A:B,B:B,B:B,B:B,B:B,A:B,A:A,A:A,A:B,B:B,A:A
7,A:B,A:B,A:A,A:A,B:B,B:B,A:B,A:A,B:B,A:B,B:B,A:A,B:B,B:B,A:B,A:A,A:A,A:B,B:B,A:B
7,B:B,A:A,A:A,A:A,B:B,B:B,A:B,A:A,A:A,A:A,B:B,A:A,B:B,B:B,A:B,A:A,A:B,A:B,B:B,A:A
7,B:B,A:A,B:B,A:A,B:B,B:B,A:B,A:A,A:B,A:B,B:B,A:B,B:B,B:B,B:B,A:A,A:A,B:B,B:B,A:B
7,A:B,A:B,B:B,A:A,B:B,B:B,A:B,A:B,B:B,B:B,B:B,A:B,B:B,B:B,B:B,A:A,A:B,A:B,B:B,A:B
7,A:B,A:B,A:B,A:A,B:B,B:B,A:B,A:B,B:B,A:B,B:B,A:B,B:B,B:B,A:B,A:A,A:A,B:B,B:B,A:B
7,A:B,A:B,A:A,A:A,B:B,B:B,B:B,A:A,A:B,B:B,B:B,A:B,B:B,B:B,A:A,A:A,A:B,A:B,B:B,B:B
7,A:B,A:B,A:A,A:A,B:B,B:B,A:A,A:B,A:B,A:A,B:B,A:A,B:B,B:B,A:A,A:B,A:A,B:B,B:B,A:B
7,A:B,A:A,A:A,A:A,B:B,B:B,A:A,A:A,A:B,A:A,B:B,B:B,B:B,B:B,A:B,A:A,A:B,B:B,B:B,A:B
7,A:B,A:A,A:A,A:A,B:B,B:B,A:B,A:A,A:B,A:A,B:B,B:B,B:B,B:B,A:A,A:A,A:B,A:B,B:B,A:A
7,A:B,A:A,A:A,A:A,B:B,B:B,B:B,A:A,B:B,A:A,B:B,A:B,B:B,B:B,A:A,A:A,A:A,A:B,B:B,A:B
7,B:B,A:A,A:A,A:A,B:B,B:B,A:B,A:A,B:B,A:B,B:B,B:B,B:B,B:B,B:B,A:A,A:B,A:B,B:B,A:A
7,B:B,A:A,A:B,A:A,B:B,B:B,A:A,A:B,B:B,A:A,B:B,A:B,B:B,B:B,B:B,A:A,A:A,A:B,B:B,A:B
7,A:B,A:A,A:A,A:A,B:B,B:B,B:B,A:A,A:B,A:B,B:B,A:B,B:B,B:B,B:B,A:A,A:A,B:B,B:B,B:B
7,A:B,B:B,A:B,A:A,B:B,B:B,A:B,A:A,A:A,A:B,B:B,A:B,B:B,B:B,A:B,A:A,A:A,A:A,B:B,A:B
7,A:B,A:B,A:A,A:A,A:B,B:B,A:A,A:A,B:B,B:B,B:B,A:B,B:B,B:B,A:B,A:A,A:A,A:B,B:B,A:A
7,A:B,A:A,A:B,A:A,A:B,B:B,B:B,A:B,B:B,A:A,B:B,B:B,B:B,B:B,A:A,A:A,A:A,A:B,B:B,A:B
7,A:B,A:B,A:B,A:A,A:A,B:B,A:A,A:B,A:B,A:B,B:B,A:B,B:B,B:B,B:B,A:A,A:A,A:B,B:B,A:B
7,A:B,A:A,B:B,A:A,B:B,B:B,A:A,A:B,B:B,A:B,B:B,A:B,B:B,B:B,A:A,A:A,A:B,B:B,B:B,A:B
7,B:B,A:B,A:A,A:A,B:B,B:B,A:B,A:A,B:B,B:B,B:B,A:B,B:B,B:B,A:B,A:A,A:A,B:B,B:B,A:A
7,A:B,A:B,A:A,A:A,B:B,B:B,A:A,A:B,A:A,A:B,B:B,A:B,B:B,B:B,A:A,A:A,A:A,A:B,B:B,A:A
7,B:B,A:A,A:A,A:A,B:B,B:B,A:A,A:A,A:A,A:A,B:B,B:B,B:B,B:B,A:B,A:A,A:A,A:A,B:B,A:B
7,A:B,A:B,A:A,A:A,B:B,B:B,A:B,A:A,B:B,A:A,B:B,A:B,B:B,B:B,A:B,A:A,A:B,A:B,B:B,A:B
8,B:B,A:A,B:B,A:B,B:B,B:B,B:B,A:A,B:B,A:B,B:B,A:A,B:B,B:B,A:A,A:A,A:A,A:B,B:B,B:B
8,A:B,B:B,A:B,A:A,B:B,B:B,A:A,A:B,A:B,A:A,B:B,A:A,B:B,B:B,A:B,A:A,A:B,B:B,A:B,A:B
8,B:B,A:A,B:B,A:A,A:B,B:B,A:A,A:A,B:B,A:A,B:B,B:B,B:B,B:B,A:B,A:A,A:B,A:B,B:B,B:B
8,B:B,A:A,A:A,A:A,A:A,B:B,A:A,A:B,B:B,B:B,B:B,A:B,B:B,B:B,B:B,A:A,B:B,B:B,B:B,A:A
8,A:B,A:B,A:A,A:A,A:B,B:B,A:A,A:A,B:B,B:B,B:B,A:B,B:B,B:B,B:B,A:A,A:B,A:A,A:A,B:B
8,A:A,A:A,B:B,A:A,A:B,B:B,A:A,A:A,B:B,A:A,B:B,A:A,B:B,B:B,A:B,A:A,A:A,A:B,A:B,A:B
8,A:A,A:B,A:A,A:A,A:A,B:B,A:A,A:A,B:B,B:B,B:B,A:A,B:B,B:B,A:B,A:A,A:B,B:B,B:B,A:A
8,A:B,A:A,A:B,A:A,B:B,B:B,A:A,A:B,B:B,B:B,B:B,A:A,B:B,A:B,B:B,A:A,A:B,B:B,B:B,A:B
8,A:B,A:B,A:A,A:A,B:B,B:B,A:A,A:A,A:B,A:A,B:B,A:B,B:B,B:B,B:B,A:A,B:B,A:B,B:B,A:A
8,B:B,A:B,A:A,A:A,B:B,B:B,A:B,A:A,B:B,A:B,B:B,A:B,B:B,B:B,A:B,A:A,A:A,A:A,A:B,A:B
8,B:B,A:A,A:B,A:A,A:A,B:B,A:B,A:A,A:B,A:A,B:B,A:B,B:B,B:B,A:A,A:A,A:B,B:B,A:B,A:A
8,A:B,A:A,A:B,A:A,A:B,B:B,A:A,A:A,B:B,B:B,B:B,A:A,B:B,B:B,A:B,A:A,B:B,A:A,B:B,A:B
8,B:B,A:B,B:B,A:A,B:B,B:B,A:A,A:A,B:B,A:B,B:B,A:B,B:B,B:B,A:B,A:A,A:B,A:A,A:A,A:B
8,A:B,A:B,A:A,A:A,A:B,B:B,A:A,A:A,B:B,A:B,B:B,A:A,B:B,B:B,A:B,A:A,A:B,B:B,B:B,A:B
8,A:A,A:B,A:A,A:A,A:B,B:B,A:A,A:A,B:B,B:B,B:B,A:B,B:B,B:B,A:B,A:A,B:B,A:B,B:B,A:B
8,B:B,A:B,A:B,A:A,A:B,B:B,A:A,A:B,B:B,B:B,B:B,A:A,B:B,B:B,B:B,A:A,B:B,A:B,B:B,A:A
8,B:B,A:A,A:B,A:A,B:B,B:B,B:B,A:A,B:B,B:B,B:B,A:A,B:B,B:B,A:B,A:A,A:B,B:B,B:B,A:A
8,B:B,A:A,A:A,A:A,B:B,B:B,A:A,A:A,B:B,A:B,B:B,A:A,B:B,B:B,B:B,A:A,A:B,B:B,B:B,A:B
8,B:B,A:A,A:B,A:B,B:B,B:B,A:A,A:A,A:B,A:A,B:B,A:B,B:B,B:B,B:B,A:A,A:B,A:B,A:B,A:B
8,A:B,A:B,A:A,A:A,B:B,B:B,A:A,A:B,B:B,A:B,B:B,A:A,B:B,B:B,A:A,A:A,B:B,A:B,B:B,A:A
8,B:B,A:A,A:A,A:A,A:B,B:B,A:B,A:A,A:B,A:B,B:B,A:A,B:B,B:B,A:B,A:A,A:B,B:B,A:B,B:B
8,B:B,A:B,A:B,A:A,A:B,B:B,A:A,A:A,B:B,B:B,B:B,A:B,B:B,B:B,B:B,A:A,A:B,A:B,B:B,A:A
8,A:A,A:A,A:A,A:A,A:B,B:B,A:A,A:A,A:A,A:A,B:B,A:B,B:B,B:B,B:B,A:A,A:B,A:A,A:A,A:B
8,B:B,A:A,A:B,A:A,A:B,B:B,A:B,A:B,B:B,A:B,B:B,A:B,B:B,B:B,A:B,A:A,A:B,A:B,B:B,B:B
8,A:B,A:A,A:A,A:A,B:B,B:B,A:B,A:A,B:B,B:B,B:B,A:A,B:B,B:B,B:B,A:A,A:B,A:B,B:B,B:B
8,A:B,A:B,A:A,A:A,B:B,B:B,A:A,A:A,B:B,A:B,B:B,A:B,B:B,B:B,A:B,A:A,A:A,A:B,B:B,A:A
8,A:A,A:A,A:B,A:A,B:B,B:B,A:A,A:A,B:B,A:B,B:B,A:A,B:B,B:B,A:A,A:A,B:B,A:B,A:B,B:B
8,A:A,A:A,A:B,A:A,A:A,B:B,A:A,A:B,B:B,A:B,B:B,A:B,B:B,B:B,B:B,A:A,B:B,A:B,B:B,A:B
8,B:B,A:A,A:B,A:A,A:A,B:B,A:A,A:A,A:B,A:B,B:B,A:A,B:B,B:B,B:B,A:A,B:B,A:B,A:B,A:A
8,A:A,A:A,A:B,A:A,B:B,B:B,A:A,A:A,B:B,A:B,B:B,A:A,B:B,B:B,A:B,A:A,B:B,A:A,B:B,A:B
8,A:B,A:A,A:B,A:A,A:B,B:B,A:A,A:A,B:B,B:B,B:B,A:A,B:B,B:B,A:A,A:A,A:B,B:B,A:B,A:A
8,B:B,A:A,A:B,A:A,B:B,B:B,A:A,A:A,A:B,A:B,B:B,A:A,B:B,B:B,A:A,A:A,A:B,B:B,B:B,A:A
8,A:B,A:A,A:A,A:A,B:B,B:B,A:A,A:B,A:B,A:B,B:B,A:B,B:B,B:B,B:B,A:A,B:B,A:B,B:B,A:B
8,A:A,A:B,A:B,A:A,A:A,B:B,B:B,A:B,B:B,B:B,B:B,A:B,B:B,B:B,B:B,A:A,B:B,B:B,B:B,A:A
8,A:A,A:A,A:B,A:A,A:B,B:B,A:A,A:A,B:B,B:B,B:B,A:B,B:B,B:B,B:B,A:A,A:B,A:A,A:B,A:B
8,A:A,A:A,A:A,A:A,B:B,B:B,A:A,A:A,A:B,A:B,B:B,A:B,B:B,B:B,B:B,A:A,B:B,B:B,B:B,A:A
8,B:B,A:A,A:B,A:A,B:B,B:B,A:A,A:A,B:B,A:B,B:B,A:A,B:B,B:B,B:B,A:A,A:B,A:B,B:B,B:B
8,A:A,A:B,A:A,A:A,A:A,B:B,A:A,A:A,A:B,B:B,B:B,A:B,B:B,A:B,B:B,A:A,A:B,B:B,A:B,A:A
8,A:B,A:A,A:A,A:A,A:A,B:B,A:A,A:A,B:B,A:B,B:B,A:B,B:B,B:B,B:B,A:A,B:B,A:B,A:B,B:B
8,B:B,A:A,A:B,A:A,B:B,B:B,A:A,A:A,A:A,B:B,B:B,A:B,B:B,B:B,B:B,A:A,A:B,B:B,B:B,A:A
8,A:A,A:A,A:A,A:A,A:B,B:B,A:A,A:A,A:B,B:B,B:B,A:A,B:B,B:B,B:B,A:A,B:B,A:B,A:B,A:B
8,A:A,A:A,B:B,A:A,B:B,B:B,A:A,A:B,B:B,A:B,B:B,A:A,B:B,B:B,A:B,A:A,B:B,B:B,B:B,A:B
8,A:A,A:B,A:A,A:A,B:B,B:B,A:A,A:A,A:B,B:B,B:B,A:B,B:B,B:B,B:B,A:A,A:B,A:B,A:B,B:B
8,A:A,A:B,A:B,A:A,A:B,B:B,A:B,A:A,A:B,B:B,B:B,A:A,B:B,A:B,A:B,A:A,B:B,A:B,A:A,B:B
8,A:B,A:B,A:A,A:A,B:B,B:B,A:A,A:A,B:B,B:B,B:B,A:A,B:B,B:B,B:B,A:A,B:B,A:B,B:B,A:B
8,A:B,A:B,A:B,A:A,A:A,B:B,A:B,A:B,A:B,A:B,B:B,A:B,B:B,B:B,A:B,A:A,A:A,B:B,A:B,A:B
8,A:B,A:A,A:A,A:A,A:B,B:B,A:A,A:A,B:B,B:B,B:B,A:A,B:B,B:B,A:B,A:A,B:B,A:A,A:B,A:B
8,A:A,B:B,A:B,A:A,B:B,B:B,A:A,A:A,B:B,A:B,B:B,A:A,B:B,A:B,B:B,A:A,B:B,A:A,A:B,B:B
8,A:B,A:A,A:A,A:A,A:A,B:B,A:A,A:A,A:B,B:B,B:B,A:A,B:B,A:B,B:B,A:A,B:B,A:B,B:B,A:B
8,B:B,A:A,B:B,A:A,B:B,B:B,A:B,A:B,A:B,A:A,B:B,A:A,B:B,B:B,A:B,A:A,A:A,A:A,B:B,A:B
8,A:B,A:B,A:B,A:A,A:A,B:B,A:B,A:A,B:B,A:B,B:B,A:A,B:B,B:B,A:B,A:A,B:B,B:B,A:B,B:B
8,A:A,A:B,A:A,A:A,A:B,B:B,A:B,A:A,B:B,A:B,B:B,A:B,B:B,B:B,B:B,A:A,B:B,B:B,B:B,A:B
8,A:B,A:B,B:B,A:A,A:B,B:B,B:B,A:B,B:B,A:B,B:B,A:B,B:B,B:B,A:A,A:A,B:B,B:B,B:B,A:B
8,A:A,A:A,A:A,A:A,B:B,B:B,A:B,A:A,B:B,A:B,B:B,A:A,B:B,B:B,B:B,A:A,B:B,A:B,A:A,A:B
8,A:A,A:A,A:B,A:A,B:B,B:B,A:A,A:B,B:B,A:A,B:B,A:A,B:B,B:B,A:B,A:A,A:B,B:B,B:B,A:B
8,A:B,A:A,A:A,A:A,B:B,B:B,A:A,A:B,A:B,A:B,B:B,A:B,B:B,B:B,B:B,A:A,A:B,B:B,B:B,A:B
8,A:B,A:B,B:B,A:A,A:A,B:B,B:B,A:A,B:B,A:B,B:B,A:A,B:B,B:B,A:B,A:A,B:B,B:B,A:B,A:A
8,A:B,A:B,A:B,A:A,A:B,B:B,A:A,A:A,A:B,A:B,B:B,A:A,B:B,B:B,B:B,A:A,A:B,A:B,B:B,A:A
8,B:B,A:A,A:A,A:A,A:A,B:B,A:A,A:A,B:B,A:B,B:B,A:A,B:B,B:B,A:B,A:A,A:B,B:B,B:B,A:A
8,A:A,A:A,A:A,A:A,A:B,B:B,A:B,A:B,A:A,B:B,B:B,A:A,B:B,B:B,B:B,A:A,B:B,A:B,B:B,B:B
8,A:B,A:B,A:A,A:A,A:B,B:B,A:A,A:A,A:B,B:B,B:B,A:A,B:B,B:B,A:B,A:A,A:B,B:B,A:B,A:B
8,B:B,A:B,A:A,A:B,A:A,B:B,B:B,A:A,B:B,A:B,B:B,A:A,B:B,A:B,A:B,A:A,A:B,B:B,B:B,A:B
8,B:B,A:A,A:B,A:A,B:B,B:B,A:A,A:A,B:B,B:B,B:B,A:A,B:B,A:B,A:B,A:A,A:A,A:B,B:B,A:B
8,A:B,A:B,A:A,A:A,A:B,B:B,A:B,A:B,A:B,B:B,B:B,A:B,B:B,B:B,A:B,A:A,A:B,B:B,B:B,A:B
8,A:B,A:B,A:A,A:A,B:B,B:B,A:A,A:A,B:B,A:A,B:B,A:A,B:B,B:B,A:B,A:B,A:B,A:B,A:A,A:A
8,A:B,A:A,A:B,A:A,A:B,B:B,A:B,A:A,B:B,B:B,B:B,A:A,B:B,B:B,B:B,A:A,B:B,A:B,A:B,A:B
8,A:B,A:B,A:A,A:A,B:B,B:B,A:A,A:A,A:B,B:B,B:B,A:B,B:B,B:B,B:B,A:A,B:B,A:A,B:B,B:B
8,A:B,A:B,A:B,A:A,A:B,B:B,A:B,A:B,A:B,A:A,B:B,A:B,B:B,B:B,A:B,A:A,A:B,A:B,A:B,A:B
8,A:B,B:B,A:B,A:A,B:B,B:B,A:A,A:A,B:B,A:B,B:B,A:B,B:B,B:B,B:B,A:A,A:B,A:A,B:B,A:B
8,A:A,A:A,A:B,A:A,B:B,B:B,A:A,A:A,B:B,B:B,B:B,A:B,B:B,B:B,B:B,A:A,A:B,A:B,A:B,B:B
8,B:B,A:A,A:B,A:A,A:B,B:B,A:A,A:A,B:B,A:A,B:B,A:B,B:B,B:B,A:B,A:A,A:B,B:B,A:B,A:A
8,B:B,A:A,A:A,A:A,B:B,B:B,A:A,A:A,B:B,A:B,B:B,A:A,B:B,B:B,A:B,A:A,B:B,A:B,A:B,A:B
8,A:A,A:A,A:A,A:A,B:B,B:B,A:A,A:A,A:B,A:A,B:B,A:A,B:B,A:B,A:B,A:A,A:B,A:B,B:B,B:B
8,A:B,A:A,A:A,A:A,A:B,B:B,A:A,A:A,A:B,A:B,B:B,A:B,B:B,B:B,A:B,A:A,B:B,A:A,A:A,B:B
8,A:A,A:A,A:A,A:A,A:B,B:B,A:B,A:A,A:B,A:B,B:B,A:B,B:B,B:B,B:B,A:A,B:B,B:B,B:B,A:A
8,A:A,A:B,A:B,A:A,A:A,B:B,B:B,A:B,B:B,A:B,B:B,A:A,B:B,B:B,A:B,A:A,A:B,B:B,A:B,A:B
8,A:B,A:A,B:B,A:A,B:B,B:B,A:A,A:B,B:B,A:A,B:B,A:B,B:B,B:B,A:B,A:A,A:B,B:B,A:B,B:B
8,A:A,A:A,A:B,A:A,A:B,B:B,A:A,A:A,A:B,A:A,B:B,A:A,B:B,B:B,A:B,A:A,A:B,A:A,B:B,A:A
8,A:B,A:A,A:B,A:B,A:B,B:B,B:B,A:A,B:B,A:B,B:B,A:A,B:B,B:B,A:B,A:A,A:B,A:B,B:B,A:B
8,A:B,B:B,A:B,A:A,B:B,B:B,A:A,A:A,B:B,B:B,B:B,A:A,B:B,B:B,B:B,A:A,A:B,B:B,A:B,A:B
8,A:B,A:A,A:A,A:A,B:B,B:B,A:A,A:A,B:B,A:A,B:B,A:B,B:B,B:B,A:B,A:A,B:B,A:B,A:B,A:A
8,A:B,A:A,A:B,A:A,B:B,B:B,A:A,A:A,B:B,A:B,B:B,A:A,B:B,B:B,B:B,A:A,B:B,B:B,B:B,A:B
8,A:B,A:B,A:A,A:A,A:B,B:B,A:A,A:A,A:B,A:B,B:B,A:A,B:B,B:B,A:B,A:A,A:B,A:B,A:B,B:B
8,B:B,A:A,A:B,A:A,B:B,B:B,A:A,A:A,B:B,A:A,B:B,A:B,B:B,B:B,B:B,A:A,A:B,B:B,B:B,B:B
8,A:A,A:B,A:B,A:A,A:B,B:B,A:B,A:B,B:B,A:B,B:B,A:A,B:B,B:B,B:B,A:A,A:B,B:B,A:B,A:B
8,A:A,A:A,A:A,A:A,A:A,B:B,A:B,A:A,A:B,B:B,B:B,A:B,B:B,B:B,A:B,A:A,B:B,A:B,B:B,A:A
8,A:B,A:A,A:A,A:A,B:B,B:B,A:A,A:A,B:B,B:B,B:B,A:A,B:B,B:B,B:B,A:A,A:B,B:B,B:B,A:B
8,B:B,A:A,A:A,A:A,B:B,B:B,A:B,A:A,B:B,B:B,B:B,A:A,B:B,B:B,A:A,A:A,A:B,A:A,A:B,A:B
8,A:B,A:B,A:B,A:A,A:B,B:B,A:A,A:A,B:B,A:B,B:B,A:A,B:B,A:B,A:B,A:A,A:B,A:A,A:B,A:A
8,A:B,A:A,A:B,A:A,B:B,B:B,A:B,A:B,A:B,B:B,B:B,A:A,B:B,B:B,B:B,A:A,B:B,B:B,B:B,A:B
8,A:A,A:B,A:A,A:A,A:B,B:B,A:A,A:A,B:B,B:B,B:B,A:A,B:B,B:B,A:B,A:A,A:B,A:B,B:B,B:B
8,B:B,A:A,A:A,A:A,A:B,B:B,A:A,A:A,B:B,A:B,B:B,A:A,B:B,B:B,A:B,A:A,B:B,B:B,A:B,A:B
8,A:A,A:A,A:A,A:A,B:B,B:B,A:B,A:B,B:B,B:B,B:B,A:B,B:B,B:B,A:B,A:A,A:B,B:B,A:B,B:B
8,A:A,A:A,A:A,A:A,A:A,B:B,A:A,A:B,B:B,A:A,B:B,A:A,B:B,B:B,A:B,A:A,B:B,B:B,B:B,A:A
8,B:B,A:B,A:A,A:A,B:B,B:B,A:A,A:A,B:B,A:B,B:B,A:A,B:B,A:B,A:B,A:A,B:B,A:A,B:B,A:B
8,B:B,A:A,B:B,A:A,A:A,B:B,A:B,A:B,A:B,A:A,B:B,A:A,B:B,B:B,A:B,A:A,A:B,A:B,B:B,A:A
8,A:B,A:B,A:A,A:A,B:B,B:B,A:A,A:A,A:B,B:B,B:B,A:B,B:B,A:B,B:B,A:A,B:B,A:B,B:B,A:B
8,A:B,A:A,A:B,A:A,B:B,B:B,A:B,A:A,A:B,B:B,B:B,A:A,B:B,B:B,B:B,A:A,B:B,B:B,B:B,A:B
8,B:B,A:A,A:A,A:A,B:B,B:B,A:A,A:A,A:B,A:A,B:B,A:B,B:B,B:B,B:B,A:A,A:B,B:B,A:B,A:B
8,B:B,A:B,A:B,A:A,B:B,B:B,A:A,A:A,A:B,A:A,B:B,A:A,B:B,B:B,A:B,A:A,A:A,A:B,A:B,B:B
9,B:B,A:A,A:A,A:A,B:B,B:B,A:A,A:B,B:B,A:B,B:B,A:A,A:B,A:A,A:A,A:A,B:B,A:A,B:B,B:B
9,A:B,A:B,B:B,A:A,B:B,B:B,A:A,A:B,B:B,A:B,B:B,A:A,B:B,B:B,A:B,A:A,A:B,A:B,A:B,A:B
9,A:B,A:B,A:A,A:A,B:B,B:B,A:A,A:A,A:B,B:B,B:B,A:A,B:B,A:B,A:A,A:A,B:B,A:B,A:B,A:B
9,A:B,A:B,A:A,A:A,A:B,B:B,A:A,A:A,B:B,A:B,B:B,A:A,B:B,B:B,B:B,A:A,A:B,B:B,A:B,A:B
9,A:B,A:A,A:B,A:A,A:B,B:B,A:A,A:A,B:B,B:B,B:B,B:B,B:B,B:B,A:B,A:A,A:B,B:B,B:B,B:B
9,A:B,A:A,A:A,A:A,B:B,B:B,A:A,A:A,B:B,A:B,B:B,A:B,B:B,A:B,B:B,A:A,B:B,A:A,B:B,B:B
9,B:B,A:A,A:A,A:A,B:B,B:B,A:A,A:A,B:B,B:B,B:B,B:B,A:B,A:B,A:B,A:B,B:B,B:B,B:B,B:B
9,B:B,B:B,A:A,A:A,A:B,B:B,A:A,A:A,B:B,A:A,B:B,A:B,B:B,A:B,A:A,A:A,A:A,B:B,B:B,B:B
9,B:B,A:A,A:B,A:A,B:B,B:B,A:A,A:A,A:B,A:B,B:B,A:A,A:B,A:A,A:A,A:A,B:B,B:B,A:B,B:B
9,B:B,A:B,A:B,A:A,B:B,A:B,A:A,A:A,A:B,A:B,B:B,A:B,B:B,A:B,A:A,A:A,B:B,B:B,B:B,B:B
9,A:B,A:A,A:B,A:A,A:B,B:B,A:A,A:A,B:B,A:B,B:B,A:B,B:B,A:B,A:B,A:A,B:B,B:B,B:B,A:A
9,B:B,A:B,A:B,A:A,A:B,B:B,A:A,A:A,B:B,A:B,B:B,A:A,B:B,A:B,A:A,A:A,A:B,B:B,B:B,A:A
9,B:B,A:B,A:A,A:A,B:B,B:B,A:A,A:A,B:B,B:B,B:B,A:A,A:B,A:B,A:A,A:A,A:B,A:A,B:B,B:B
9,A:B,A:A,A:B,A:A,B:B,B:B,A:B,A:B,B:B,A:B,B:B,A:B,A:B,B:B,A:B,A:A,B:B,A:B,B:B,A:B
9,B:B,A:A,A:B,A:A,A:B,B:B,A:A,A:A,B:B,A:B,B:B,B:B,B:B,A:B,A:B,A:A,B:B,A:B,A:B,A:A
9,A:B,A:A,A:A,A:A,A:B,B:B,A:A,A:B,A:B,B:B,B:B,A:B,B:B,A:B,A:B,A:A,A:B,A:B,B:B,B:B
9,B:B,A:A,A:A,A:A,A:A,B:B,A:A,A:A,B:B,B:B,B:B,A:B,B:B,B:B,A:B,A:A,B:B,A:A,A:B,B:B
9,B:B,A:A,A:A,A:A,A:B,B:B,A:A,A:A,B:B,B:B,B:B,A:A,B:B,A:B,A:A,A:A,B:B,A:B,A:B,B:B
9,B:B,A:A,B:B,A:A,A:B,B:B,A:A,A:A,A:B,B:B,B:B,A:A,B:B,A:A,A:B,A:A,A:B,B:B,B:B,A:B
9,B:B,A:B,B:B,A:A,A:B,A:B,A:A,A:A,A:B,B:B,B:B,A:A,B:B,B:B,A:A,A:A,A:B,B:B,B:B,B:B
9,A:B,A:B,A:A,A:A,A:A,B:B,A:A,A:A,A:B,B:B,B:B,A:B,B:B,B:B,B:B,A:A,A:B,B:B,B:B,A:A
9,B:B,A:A,A:B,A:A,B:B,B:B,A:A,A:A,B:B,B:B,B:B,A:A,B:B,A:B,A:A,A:A,A:B,A:B,B:B,A:B
9,B:B,A:A,A:B,A:A,A:B,B:B,A:A,A:A,B:B,B:B,B:B,A:A,B:B,B:B,A:A,A:A,B:B,A:B,B:B,B:B
9,B:B,A:A,A:B,A:A,A:B,B:B,A:A,A:A,B:B,B:B,B:B,A:B,B:B,A:B,B:B,A:A,B:B,B:B,B:B,B:B
9,B:B,A:A,A:B,A:A,A:B,B:B,A:A,A:A,B:B,B:B,B:B,A:B,B:B,B:B,A:B,A:A,B:B,A:B,B:B,A:B
9,B:B,A:A,A:B,A:A,A:B,B:B,A:A,A:A,B:B,B:B,B:B,A:B,B:B,A:B,A:A,A:A,B:B,A:B,B:B,A:B
9,B:B,B:B,A:B,A:A,B:B,B:B,A:A,A:A,B:B,B:B,B:B,A:A,A:B,A:B,A:B,A:A,A:B,A:B,B:B,B:B
9,B:B,B:B,A:B,A:A,B:B,B:B,A:A,A:A,B:B,A:B,B:B,A:A,B:B,A:B,A:A,A:A,B:B,A:B,B:B,B:B
9,B:B,A:B,A:A,A:A,B:B,B:B,A:A,A:A,B:B,A:B,B:B,A:B,B:B,A:B,B:B,A:A,B:B,B:B,B:B,B:B
9,B:B,A:B,A:A,A:A,A:B,B:B,A:A,A:A,B:B,B:B,B:B,A:A,B:B,B:B,A:A,A:A,A:B,A:B,B:B,A:B
9,B:B,A:A,A:B,A:A,A:B,B:B,A:A,A:A,B:B,A:B,B:B,A:B,B:B,A:B,A:B,A:A,B:B,B:B,B:B,A:A
9,B:B,A:B,B:B,A:A,B:B,B:B,A:A,A:A,A:B,B:B,B:B,B:B,B:B,B:B,A:B,A:A,B:B,B:B,A:B,A:B
9,A:B,A:A,A:A,A:A,A:A,B:B,A:A,A:A,A:B,B:B,B:B,A:A,A:B,A:B,A:B,A:A,B:B,B:B,B:B,A:B
9,B:B,A:A,A:B,A:A,B:B,B:B,A:A,A:A,B:B,A:B,B:B,B:B,B:B,B:B,A:A,A:A,A:B,A:B,B:B,B:B
9,B:B,A:A,B:B,A:A,A:A,A:B,A:A,A:A,B:B,A:B,B:B,B:B,B:B,B:B,A:B,A:A,A:B,A:A,A:A,B:B
9,B:B,A:B,A:A,A:A,A:B,B:B,A:A,A:A,B:B,B:B,B:B,B:B,B:B,B:B,A:B,A:A,A:A,A:B,A:B,A:B
9,B:B,A:A,A:B,A:A,A:B,B:B,A:A,A:B,A:A,B:B,B:B,A:A,B:B,B:B,A:A,A:A,A:B,B:B,B:B,A:A
9,B:B,B:B,A:B,A:A,A:B,B:B,A:A,A:A,B:B,B:B,B:B,A:B,B:B,B:B,A:A,A:A,B:B,B:B,B:B,A:B
9,B:B,A:B,B:B,A:A,B:B,B:B,A:A,A:A,A:B,B:B,B:B,A:B,B:B,A:B,A:B,A:B,A:B,A:B,B:B,A:A
9,B:B,A:B,A:B,A:A,B:B,B:B,A:A,A:A,A:B,B:B,B:B,A:B,B:B,A:A,A:B,A:A,B:B,A:B,A:B,A:B
9,B:B,A:B,A:B,A:A,B:B,B:B,A:A,A:A,A:B,B:B,B:B,A:A,B:B,A:A,A:B,A:A,B:B,A:B,B:B,B:B
9,B:B,A:B,B:B,A:A,A:B,B:B,A:A,A:A,B:B,B:B,B:B,B:B,B:B,A:B,A:B,A:A,B:B,B:B,B:B,A:B
9,A:A,A:A,A:B,A:A,B:B,B:B,A:A,A:A,B:B,B:B,B:B,A:B,B:B,B:B,B:B,A:A,B:B,A:B,A:B,B:B
9,B:B,A:B,A:B,A:A,B:B,B:B,A:A,A:A,A:B,B:B,B:B,A:A,B:B,A:B,A:B,A:A,A:B,A:A,B:B,A:B
9,B:B,A:A,A:A,A:A,A:A,B:B,A:A,A:A,B:B,B:B,B:B,A:B,B:B,A:B,B:B,A:A,B:B,A:A,A:B,B:B
9,A:B,A:B,A:A,A:A,B:B,B:B,A:A,A:A,B:B,B:B,B:B,A:A,B:B,A:B,B:B,A:A,B:B,A:B,B:B,A:A
9,B:B,A:B,B:B,A:A,B:B,B:B,A:A,A:A,A:B,A:A,B:B,A:A,A:A,B:B,A:B,A:A,A:B,A:B,B:B,B:B
9,A:B,A:B,A:B,A:A,B:B,B:B,A:B,A:A,A:B,A:B,B:B,A:A,B:B,A:B,B:B,A:A,B:B,A:B,A:B,A:B
9,B:B,A:A,A:A,A:A,B:B,A:B,A:A,A:A,B:B,A:B,B:B,A:A,A:B,B:B,B:B,A:A,B:B,A:B,A:B,A:B
9,B:B,B:B,A:A,A:A,A:B,B:B,A:B,A:B,A:A,B:B,B:B,A:B,B:B,A:B,A:A,A:A,A:B,B:B,A:B,A:A
9,B:B,A:B,B:B,A:A,B:B,B:B,A:A,A:A,B:B,A:B,B:B,A:B,A:B,A:B,A:A,A:A,B:B,B:B,B:B,B:B
9,B:B,A:B,A:B,A:A,B:B,B:B,A:A,A:A,A:B,A:A,B:B,B:B,A:B,A:B,A:B,A:A,B:B,A:B,A:B,B:B
9,B:B,A:A,A:A,A:A,A:B,B:B,A:A,A:A,A:B,B:B,B:B,A:A,B:B,A:A,A:B,A:A,B:B,B:B,B:B,A:B
9,B:B,A:A,A:B,A:A,A:B,B:B,A:A,A:A,B:B,A:B,B:B,A:A,B:B,B:B,A:B,A:A,B:B,A:A,A:B,A:B
9,B:B,A:A,A:A,A:A,B:B,B:B,A:B,A:A,B:B,B:B,B:B,A:B,B:B,A:B,B:B,A:B,B:B,A:B,A:B,A:B
9,B:B,A:B,A:A,A:A,B:B,B:B,A:A,A:A,A:B,A:B,B:B,A:B,B:B,B:B,A:A,A:A,B:B,A:B,A:B,B:B
9,B:B,A:B,A:A,A:A,B:B,B:B,A:A,A:A,A:B,A:B,B:B,A:A,B:B,B:B,B:B,A:A,A:B,B:B,A:B,A:A
9,A:B,A:B,A:A,A:A,A:B,B:B,A:A,A:B,A:B,B:B,B:B,A:B,B:B,B:B,B:B,A:A,A:B,A:B,B:B,A:B
9,B:B,A:B,A:A,A:A,B:B,B:B,A:A,A:A,A:B,B:B,B:B,A:B,B:B,A:B,A:A,A:A,B:B,A:B,A:A,B:B
9,B:B,A:B,B:B,A:A,A:A,B:B,A:A,A:A,B:B,A:B,B:B,A:B,B:B,B:B,A:B,A:A,A:A,B:B,B:B,A:B
9,B:B,A:A,A:A,A:A,A:A,B:B,A:A,A:A,A:B,A:B,B:B,A:A,B:B,A:A,A:A,A:A,B:B,B:B,A:B,A:A
9,B:B,A:B,A:A,A:A,B:B,B:B,A:A,A:A,A:B,B:B,B:B,A:B,B:B,B:B,A:A,A:A,A:A,B:B,B:B,A:B
9,B:B,A:A,B:B,A:A,B:B,B:B,A:A,A:A,B:B,B:B,B:B,A:A,B:B,B:B,A:A,A:A,A:A,A:B,B:B,A:B
9,B:B,A:B,A:B,A:A,B:B,B:B,A:A,A:A,B:B,B:B,B:B,A:A,B:B,B:B,A:A,A:B,B:B,A:B,B:B,A:A
9,A:A,A:A,A:A,A:A,A:A,B:B,A:A,A:A,A:B,B:B,B:B,A:B,B:B,B:B,A:A,A:A,B:B,B:B,B:B,A:B
9,A:A,A:B,A:A,A:A,B:B,B:B,A:B,A:A,B:B,A:B,B:B,A:A,B:B,A:B,A:A,A:A,B:B,B:B,B:B,B:B
9,B:B,A:A,A:A,A:A,B:B,B:B,A:A,A:B,B:B,A:B,B:B,A:B,B:B,B:B,A:B,A:A,A:B,A:B,A:B,A:B
9,B:B,A:A,A:B,A:A,B:B,A:B,A:A,A:A,B:B,A:B,B:B,A:B,B:B,A:B,A:A,A:A,B:B,A:B,B:B,A:B
9,B:B,A:A,B:B,A:A,A:B,B:B,A:A,A:A,B:B,B:B,B:B,A:B,A:B,B:B,A:B,A:B,B:B,B:B,B:B,A:B
9,B:B,A:A,A:A,A:A,A:B,B:B,A:A,A:A,B:B,B:B,B:B,A:A,B:B,B:B,A:B,A:A,A:B,A:B,B:B,A:B
9,B:B,A:B,A:A,A:A,A:B,B:B,A:A,A:A,A:B,B:B,B:B,B:B,B:B,B:B,A:B,A:A,B:B,B:B,A:B,A:A
9,B:B,A:A,A:B,A:A,B:B,B:B,A:A,A:A,B:B,B:B,B:B,A:A,A:B,A:B,A:A,A:A,A:B,A:B,A:B,A:B
9,B:B,A:A,A:A,A:A,A:B,B:B,A:A,A:A,A:B,A:B,B:B,A:A,B:B,A:B,A:A,A:A,B:B,A:B,A:B,B:B
9,A:B,A:B,A:B,A:A,B:B,A:B,A:A,A:A,B:B,A:B,B:B,A:A,B:B,A:B,A:A,A:A,B:B,A:B,B:B,B:B
9,B:B,A:A,A:A,A:A,A:B,B:B,A:A,A:A,B:B,B:B,B:B,B:B,B:B,A:B,A:B,A:A,A:B,A:A,A:B,A:B
9,B:B,A:A,B:B,A:A,B:B,B:B,A:A,A:A,B:B,B:B,B:B,A:A,A:B,A:B,A:B,A:A,B:B,A:B,B:B,A:B
9,B:B,A:B,A:B,A:A,A:A,B:B,A:A,A:A,B:B,B:B,B:B,A:B,A:B,A:B,A:A,A:A,A:B,A:B,B:B,B:B
9,B:B,A:B,A:B,A:A,A:A,B:B,A:A,A:A,A:B,B:B,B:B,A:B,B:B,B:B,A:A,A:B,A:B,B:B,B:B,A:B
9,A:B,A:B,A:B,A:A,B:B,B:B,A:A,A:A,A:A,A:A,B:B,A:A,B:B,B:B,B:B,A:A,A:B,A:A,B:B,A:B
9,B:B,A:A,A:A,A:A,B:B,B:B,A:A,A:A,A:B,A:B,B:B,A:A,B:B,B:B,B:B,A:A,A:B,A:B,B:B,A:B
9,B:B,A:A,A:A,A:A,A:B,A:B,A:A,A:A,B:B,A:B,B:B,A:B,B:B,A:A,B:B,A:A,B:B,B:B,B:B,B:B
9,B:B,A:B,A:B,A:A,A:B,B:B,A:A,A:A,A:B,B:B,B:B,A:B,A:B,A:B,A:B,A:A,B:B,A:B,B:B,A:B
9,A:B,A:B,A:A,A:A,B:B,B:B,A:A,A:A,A:B,B:B,B:B,A:B,B:B,B:B,A:B,A:B,A:B,A:B,B:B,B:B
9,A:B,A:A,A:B,A:A,B:B,B:B,A:A,A:A,A:B,A:B,B:B,A:A,B:B,A:B,A:B,A:A,B:B,A:B,B:B,A:B
9,B:B,A:A,A:A,A:A,A:B,B:B,A:A,A:A,A:B,A:B,B:B,B:B,B:B,B:B,A:B,A:A,A:B,B:B,B:B,B:B
9,B:B,A:A,A:A,A:A,A:B,B:B,A:A,A:A,B:B,A:B,B:B,A:B,B:B,B:B,B:B,A:A,B:B,A:A,B:B,A:B
9,A:B,A:A,A:B,A:A,A:A,B:B,A:A,A:A,B:B,A:B,B:B,A:B,A:B,B:B,A:B,A:A,A:A,B:B,B:B,A:B
9,A:B,A:A,A:A,A:A,B:B,B:B,A:A,A:A,B:B,A:B,B:B,A:A,B:B,A:B,A:A,A:A,A:B,B:B,A:B,A:A
9,B:B,A:A,A:A,A:A,B:B,B:B,A:A,A:A,B:B,B:B,B:B,A:A,B:B,A:B,A:B,A:A,B:B,A:B,B:B,B:B
9,A:B,A:A,A:A,A:A,B:B,B:B,A:A,A:A,B:B,B:B,B:B,A:B,B:B,A:B,B:B,A:A,B:B,A:A,B:B,B:B
9,B:B,A:B,A:A,A:A,A:B,B:B,A:A,A:A,A:B,A:B,B:B,A:A,B:B,B:B,A:B,A:A,B:B,A:B,A:B,B:B
9,B:B,A:A,A:B,A:A,A:A,B:B,A:A,A:A,B:B,A:B,B:B,B:B,B:B,B:B,A:A,A:A,A:B,B:B,B:B,B:B
9,B:B,A:A,A:A,A:A,A:B,B:B,A:A,A:A,B:B,A:A,B:B,A:A,B:B,B:B,B:B,A:A,B:B,A:B,B:B,B:B
9,A:B,A:B,A:A,A:A,B:B,B:B,A:A,A:A,B:B,B:B,B:B,A:B,A:A,A:A,A:A,A:A,A:B,A:A,A:B,B:B
9,B:B,A:A,A:B,A:A,B:B,B:B,A:A,A:A,A:B,A:B,B:B,A:A,B:B,A:B,A:A,A:A,A:B,B:B,B:B,B:B
9,B:B,A:B,A:B,A:A,A:B,B:B,A:A,A:A,B:B,B:B,B:B,A:A,B:B,B:B,A:B,B:B,A:B,A:B,B:B,B:B
9,B:B,A:B,A:A,A:A,B:B,B:B,A:A,A:A,B:B,B:B,B:B,B:B,B:B,B:B,A:B,A:A,A:B,A:B,B:B,B:B
9,B:B,A:A,B:B,A:A,B:B,A:B,A:A,A:A,B:B,A:B,B:B,A:B,B:B,B:B,A:B,A:B,B:B,B:B,A:B,B:B
9,B:B,B:B,A:B,A:A,A:B,B:B,A:A,A:A,B:B,B:B,B:B,A:B,B:B,B:B,A:A,A:A,A:A,A:B,B:B,A:B
9,A:B,A:B,A:A,A:A,B:B,B:B,A:B,A:A,B:B,A:A,B:B,A:A,B:B,B:B,A:A,A:A,B:B,B:B,B:B,B:B
10,A:B,A:B,A:B,A:A,B:B,B:B,A:A,A:A,B:B,B:B,B:B,A:A,B:B,B:B,A:B,A:A,B:B,B:B,A:B,B:B
10,A:A,A:B,A:B,A:A,B:B,B:B,A:A,A:B,B:B,A:B,B:B,A:A,B:B,B:B,A:A,A:A,B:B,B:B,B:B,B:B
10,A:A,A:A,A:A,A:A,A:B,B:B,A:A,A:A,B:B,B:B,B:B,A:B,B:B,A:B,A:A,A:B,B:B,A:B,A:B,B:B
10,A:B,A:B,A:A,A:A,B:B,B:B,A:B,A:B,B:B,B:B,B:B,A:A,B:B,A:B,A:A,A:A,B:B,A:B,A:B,B:B
10,A:A,A:B,A:A,A:A,B:B,B:B,B:B,A:A,B:B,A:B,B:B,A:A,B:B,B:B,A:A,B:B,A:A,B:B,B:B,A:A
10,B:B,A:A,A:A,A:A,B:B,B:B,A:A,A:B,B:B,A:A,B:B,A:A,B:B,A:B,A:A,A:B,A:B,B:B,B:B,B:B
10,A:B,A:B,A:B,A:A,B:B,B:B,A:A,A:A,B:B,B:B,B:B,A:B,A:B,B:B,A:A,A:A,A:B,B:B,B:B,B:B
10,A:A,A:A,A:A,A:A,B:B,B:B,A:A,A:A,B:B,B:B,B:B,A:A,B:B,A:B,A:A,A:A,A:B,A:B,B:B,A:A
10,A:A,B:B,A:A,A:A,B:B,B:B,A:B,A:A,B:B,B:B,B:B,A:A,A:B,A:B,A:A,A:B,B:B,A:B,B:B,B:B
10,B:B,A:B,A:B,A:A,B:B,B:B,A:B,A:A,B:B,A:B,B:B,A:A,B:B,A:B,A:A,A:A,A:B,B:B,A:B,B:B
10,B:B,A:B,B:B,A:A,B:B,B:B,A:A,A:B,B:B,B:B,B:B,A:B,B:B,B:B,A:A,A:A,A:A,B:B,B:B,B:B
10,A:A,A:A,A:B,A:A,B:B,A:B,A:A,A:A,B:B,A:B,B:B,A:B,B:B,B:B,A:A,A:B,B:B,B:B,B:B,B:B
10,A:A,A:B,A:A,A:A,A:B,B:B,A:A,A:A,B:B,B:B,B:B,A:A,B:B,A:B,A:A,A:B,A:A,A:A,A:B,B:B
10,A:A,A:A,A:B,A:A,B:B,B:B,B:B,A:A,B:B,A:B,B:B,A:A,B:B,B:B,A:A,A:A,A:A,B:B,B:B,A:A
10,A:B,B:B,B:B,A:A,B:B,B:B,A:A,A:A,B:B,A:B,B:B,A:A,B:B,A:B,A:A,A:A,A:B,A:B,B:B,B:B
10,A:A,B:B,A:A,A:A,B:B,B:B,B:B,A:A,B:B,B:B,B:B,A:B,A:B,B:B,A:A,A:A,B:B,A:B,B:B,B:B
10,A:A,A:A,A:A,A:A,B:B,B:B,A:A,A:B,A:B,A:B,B:B,A:A,B:B,B:B,A:A,A:B,B:B,B:B,B:B,B:B
10,A:B,A:A,A:A,A:A,B:B,B:B,A:A,A:A,B:B,B:B,B:B,A:A,A:B,A:B,A:A,A:A,A:B,B:B,B:B,A:B
10,A:A,A:B,A:B,A:A,B:B,B:B,A:B,A:A,A:B,A:B,B:B,A:A,B:B,B:B,A:A,A:A,A:B,B:B,B:B,A:B
10,A:B,B:B,A:B,A:A,B:B,B:B,A:A,A:B,A:B,A:B,B:B,A:A,A:B,B:B,A:A,A:A,B:B,B:B,A:B,B:B
10,A:A,A:A,A:A,A:A,A:B,B:B,A:B,A:B,B:B,A:B,B:B,A:A,B:B,A:B,A:A,A:A,B:B,A:B,B:B,A:A
10,A:A,A:A,A:B,A:A,B:B,B:B,A:A,A:A,B:B,A:B,B:B,A:A,A:B,B:B,A:A,A:A,A:B,A:B,B:B,A:A
10,A:B,B:B,A:B,A:A,B:B,B:B,A:B,A:B,B:B,A:B,B:B,A:A,B:B,B:B,A:A,A:A,A:A,B:B,A:A,A:B
10,A:A,A:B,A:B,A:A,B:B,B:B,A:B,A:A,B:B,B:B,B:B,A:A,A:B,B:B,A:A,A:A,A:B,A:B,B:B,A:A
10,A:B,A:A,A:B,A:A,B:B,B:B,A:A,A:A,B:B,B:B,B:B,B:B,A:B,A:B,A:B,A:A,A:B,B:B,A:B,A:B
10,B:B,B:B,A:A,A:A,B:B,B:B,A:A,A:B,B:B,B:B,B:B,A:B,B:B,A:B,A:A,A:A,A:B,B:B,A:B,B:B
10,A:B,A:B,A:A,A:A,B:B,B:B,B:B,A:A,B:B,B:B,B:B,A:B,A:B,B:B,A:B,A:B,A:B,B:B,B:B,A:B
10,A:B,A:B,A:B,A:A,B:B,B:B,A:B,A:A,B:B,A:B,B:B,A:A,B:B,B:B,A:A,A:A,A:B,A:B,B:B,B:B
10,A:B,A:B,A:B,A:A,B:B,B:B,A:A,A:A,B:B,A:A,B:B,B:B,A:B,B:B,A:A,A:B,A:B,A:B,B:B,B:B
10,A:B,A:B,B:B,A:A,B:B,B:B,A:A,A:A,B:B,A:B,B:B,A:A,A:B,B:B,A:A,A:A,A:A,B:B,B:B,B:B
10,A:B,B:B,A:A,A:A,A:B,B:B,A:A,A:A,A:B,A:A,B:B,A:B,B:B,A:B,A:B,B:B,A:A,A:A,B:B,B:B
10,B:B,A:A,A:B,A:A,B:B,B:B,A:B,A:A,B:B,A:B,B:B,A:A,B:B,B:B,A:A,B:B,A:A,B:B,B:B,A:A
10,B:B,A:B,A:A,A:A,B:B,B:B,A:A,A:B,B:B,A:B,B:B,A:A,B:B,B:B,A:A,A:B,B:B,B:B,A:B,B:B
10,A:B,B:B,A:A,A:A,B:B,B:B,A:B,A:A,B:B,A:B,B:B,A:A,A:B,A:B,A:B,A:A,B:B,B:B,B:B,A:B
10,A:B,B:B,B:B,A:A,B:B,B:B,A:A,A:A,B:B,A:A,B:B,A:A,B:B,B:B,A:B,A:A,B:B,B:B,A:B,A:B
10,A:B,A:B,A:A,A:A,B:B,B:B,A:B,A:A,B:B,A:B,B:B,A:B,B:B,B:B,A:A,A:A,A:B,B:B,A:B,B:B
10,A:B,A:B,A:B,A:A,B:B,B:B,A:A,A:B,A:B,A:B,B:B,A:A,B:B,A:B,A:A,A:A,B:B,B:B,B:B,B:B
10,A:A,B:B,A:B,A:A,A:B,A:B,A:A,A:A,B:B,B:B,B:B,A:B,B:B,A:B,A:B,A:B,A:B,B:B,A:B,B:B
10,A:A,A:B,A:A,A:A,B:B,B:B,A:B,A:A,A:B,B:B,B:B,A:B,B:B,B:B,A:A,A:A,B:B,A:B,B:B,A:B
10,A:B,A:A,A:A,A:A,B:B,B:B,A:B,A:A,B:B,A:B,B:B,A:A,B:B,A:B,A:A,A:A,A:B,B:B,B:B,A:B
10,A:B,B:B,A:A,A:A,B:B,B:B,B:B,A:A,B:B,B:B,B:B,A:A,B:B,B:B,A:B,A:A,B:B,A:B,B:B,B:B
10,A:B,A:B,A:B,A:A,B:B,B:B,A:B,A:A,B:B,B:B,B:B,A:A,B:B,B:B,A:A,A:A,A:B,B:B,B:B,A:B
10,A:B,B:B,B:B,A:A,B:B,B:B,A:B,A:A,B:B,B:B,B:B,A:A,B:B,A:B,A:A,A:A,A:B,A:B,A:A,B:B
10,A:B,B:B,A:A,A:A,B:B,B:B,A:A,A:A,B:B,B:B,B:B,A:B,A:B,B:B,A:A,A:A,A:B,A:B,B:B,A:A
10,A:B,B:B,A:A,A:A,A:B,B:B,A:A,A:A,B:B,B:B,B:B,A:A,A:B,B:B,A:B,A:B,B:B,B:B,A:A,B:B
10,A:A,B:B,A:A,A:A,B:B,B:B,A:B,A:A,B:B,A:B,B:B,A:A,B:B,A:A,A:A,A:A,B:B,A:B,B:B,B:B
10,A:A,A:B,A:A,A:A,A:B,B:B,B:B,A:A,B:B,B:B,B:B,A:B,B:B,B:B,A:A,A:A,A:B,B:B,B:B,B:B
10,A:A,B:B,B:B,A:A,B:B,B:B,A:B,A:A,B:B,A:B,B:B,A:A,B:B,A:A,A:A,A:B,A:B,B:B,A:B,A:B
10,A:B,B:B,A:A,A:A,B:B,B:B,A:B,A:A,B:B,B:B,B:B,A:A,B:B,B:B,A:A,A:A,A:B,A:B,A:B,A:B
10,A:A,A:B,B:B,A:A,A:B,B:B,A:A,A:A,A:B,A:B,B:B,A:B,B:B,A:A,A:B,A:A,A:A,B:B,B:B,B:B
10,A:B,A:B,A:A,A:A,B:B,B:B,A:B,A:A,B:B,A:B,B:B,A:A,B:B,B:B,A:A,A:A,B:B,B:B,B:B,A:B
10,A:A,A:A,A:A,A:A,B:B,B:B,A:A,A:A,A:B,A:B,B:B,A:B,B:B,B:B,A:A,A:B,A:B,B:B,A:B,B:B
10,B:B,B:B,A:A,A:A,B:B,B:B,A:B,A:A,B:B,A:B,B:B,A:A,B:B,A:B,A:A,A:A,B:B,B:B,B:B,A:A
10,A:B,B:B,A:B,A:A,B:B,B:B,A:B,A:B,B:B,A:B,B:B,A:A,B:B,A:A,A:A,A:A,B:B,B:B,B:B,B:B
10,A:A,A:B,A:B,A:A,B:B,B:B,A:B,A:A,B:B,A:B,B:B,A:A,B:B,B:B,A:A,A:A,B:B,A:B,A:B,A:B
10,A:A,A:B,A:B,A:A,B:B,B:B,A:B,A:B,B:B,A:B,B:B,A:B,B:B,A:B,A:A,A:B,A:A,B:B,A:A,B:B
10,A:B,A:B,A:A,A:A,B:B,B:B,A:A,A:A,B:B,B:B,B:B,A:B,B:B,A:B,A:A,A:A,B:B,B:B,B:B,A:B
10,A:B,A:B,A:B,A:A,A:B,B:B,B:B,A:A,B:B,A:B,B:B,A:A,B:B,A:B,A:A,A:A,A:B,B:B,B:B,A:B
10,B:B,A:B,A:A,A:A,B:B,B:B,A:A,A:A,B:B,A:B,B:B,A:A,A:B,A:B,A:B,A:A,A:B,B:B,A:B,A:A
10,A:B,A:B,A:B,A:A,B:B,B:B,A:B,A:A,B:B,A:B,B:B,A:A,B:B,B:B,A:A,A:A,A:A,B:B,A:B,B:B
10,A:B,A:B,A:B,A:A,A:B,B:B,A:B,A:A,B:B,A:B,B:B,A:B,B:B,A:B,A:A,A:A,B:B,B:B,A:B,A:A
10,A:A,B:B,A:B,A:A,B:B,B:B,A:B,A:A,B:B,B:B,B:B,A:A,B:B,A:B,A:A,A:A,B:B,A:B,A:B,A:B
10,A:B,A:B,A:A,A:A,B:B,B:B,A:B,A:A,B:B,A:B,B:B,A:A,B:B,B:B,A:A,A:A,A:B,B:B,A:B,A:B
10,B:B,B:B,A:B,A:A,A:B,B:B,A:A,A:B,B:B,A:B,B:B,A:B,B:B,B:B,A:A,A:A,B:B,B:B,A:A,A:B
10,A:A,A:B,A:A,A:A,A:B,B:B,A:A,A:A,B:B,A:B,B:B,A:B,B:B,A:A,A:A,A:A,A:A,A:B,A:B,B:B
10,A:A,A:A,A:A,A:A,B:B,B:B,A:A,B:B,B:B,A:B,B:B,A:A,B:B,A:B,A:A,A:B,A:B,A:B,B:B,A:B
10,A:B,A:B,A:B,A:A,B:B,B:B,B:B,A:B,B:B,B:B,B:B,A:A,B:B,B:B,A:A,A:A,B:B,B:B,B:B,B:B
10,A:B,A:B,B:B,A:A,B:B,B:B,A:A,A:A,B:B,A:B,B:B,A:B,A:B,A:B,A:B,A:B,B:B,B:B,B:B,A:B
10,A:A,B:B,B:B,A:A,B:B,B:B,A:A,A:A,B:B,B:B,B:B,A:B,B:B,A:B,A:A,A:B,A:A,B:B,B:B,A:B
10,A:A,A:B,A:A,A:A,B:B,B:B,A:B,A:A,B:B,A:B,B:B,A:A,B:B,B:B,A:A,B:B,A:A,A:B,A:B,A:B
10,A:A,A:B,A:B,A:A,B:B,B:B,A:A,A:A,B:B,B:B,B:B,A:A,B:B,B:B,A:A,A:A,B:B,A:B,B:B,A:B
10,A:A,A:B,A:B,A:A,B:B,A:B,A:B,A:A,B:B,A:B,B:B,A:A,B:B,B:B,A:A,A:A,B:B,A:B,B:B,B:B
10,A:A,A:A,A:B,A:A,B:B,B:B,A:A,A:A,B:B,A:B,B:B,B:B,B:B,B:B,A:A,A:A,A:B,A:B,B:B,B:B
10,A:B,B:B,A:B,A:A,B:B,B:B,A:A,A:A,B:B,A:B,B:B,A:B,B:B,A:B,A:A,A:A,A:B,A:B,B:B,B:B
10,A:B,B:B,A:A,A:A,B:B,B:B,A:B,A:A,B:B,A:B,B:B,A:B,B:B,B:B,A:A,B:B,A:B,B:B,B:B,B:B
10,A:B,A:A,A:B,A:A,B:B,B:B,A:B,A:A,B:B,A:B,B:B,A:B,A:A,A:B,A:A,A:A,A:B,A:B,B:B,A:B
10,A:B,A:B,A:B,A:A,B:B,B:B,A:A,A:A,B:B,B:B,B:B,A:B,B:B,A:B,A:B,A:A,B:B,A:B,B:B,B:B
10,B:B,B:B,A:B,A:A,B:B,B:B,A:A,A:A,B:B,A:A,B:B,A:B,A:B,B:B,A:A,A:A,A:A,A:B,B:B,B:B
10,B:B,B:B,A:B,A:A,B:B,B:B,A:B,A:A,B:B,B:B,B:B,A:A,A:B,B:B,A:B,B:B,B:B,B:B,A:B,B:B
10,A:B,A:B,A:A,A:A,B:B,B:B,A:B,A:A,B:B,B:B,B:B,A:B,B:B,B:B,A:B,A:A,B:B,B:B,B:B,A:B
10,A:B,A:B,A:A,A:A,B:B,A:B,A:A,A:B,A:B,A:A,B:B,A:B,B:B,B:B,A:A,B:B,A:A,B:B,B:B,A:B
10,B:B,A:B,A:A,A:A,B:B,B:B,A:A,A:B,B:B,A:A,B:B,A:A,B:B,A:B,A:A,A:A,B:B,B:B,B:B,B:B
10,A:B,A:B,A:B,A:A,B:B,B:B,A:A,B:B,B:B,A:B,B:B,A:B,B:B,A:A,A:A,A:A,A:B,A:B,B:B,B:B
10,A:A,B:B,B:B,A:A,B:B,B:B,A:A,A:A,B:B,A:A,B:B,A:A,B:B,A:A,A:A,A:A,B:B,A:B,B:B,A:B
10,A:A,A:B,A:A,A:A,B:B,B:B,A:B,A:A,B:B,B:B,B:B,A:A,B:B,A:A,A:A,A:B,B:B,B:B,A:B,B:B
10,A:B,B:B,A:B,A:A,B:B,B:B,A:A,A:B,A:B,B:B,B:B,A:A,B:B,B:B,A:A,A:A,A:B,A:B,B:B,B:B
10,A:A,B:B,B:B,A:A,B:B,B:B,A:B,A:B,A:B,B:B,B:B,A:B,B:B,B:B,A:B,A:A,B:B,A:B,A:B,A:B
10,A:A,A:B,A:A,A:A,B:B,B:B,A:A,A:A,B:B,B:B,B:B,A:A,B:B,B:B,A:A,A:B,A:B,B:B,B:B,A:B
10,A:B,A:B,A:B,A:A,B:B,B:B,A:A,A:A,A:B,A:B,B:B,A:A,B:B,B:B,A:A,A:A,B:B,B:B,B:B,B:B
10,A:B,B:B,A:A,A:A,B:B,B:B,A:B,A:B,A:B,A:B,B:B,A:A,B:B,A:B,A:A,A:A,B:B,B:B,A:B,A:B
10,A:B,B:B,A:A,A:A,B:B,B:B,A:B,A:A,B:B,A:A,B:B,A:A,A:B,A:B,A:B,A:A,A:B,A:B,A:A,A:B
10,A:B,B:B,B:B,A:A,B:B,B:B,A:B,A:A,A:B,A:B,B:B,A:A,B:B,B:B,A:A,A:B,A:A,B:B,B:B,B:B
10,A:B,A:A,A:B,A:A,B:B,B:B,B:B,A:A,B:B,A:B,B:B,A:A,B:B,A:A,A:A,A:B,B:B,A:B,B:B,A:B
10,B:B,B:B,A:A,A:A,B:B,B:B,A:A,A:A,B:B,A:A,B:B,A:B,B:B,B:B,A:B,A:A,A:B,A:A,A:B,B:B
10,B:B,A:B,A:A,A:A,B:B,B:B,A:B,A:B,B:B,A:B,B:B,B:B,A:B,B:B,A:A,A:A,B:B,B:B,A:B,B:B
10,A:A,A:B,A:B,A:A,B:B,B:B,A:B,A:A,B:B,A:B,B:B,A:A,B:B,A:B,A:A,A:A,A:B,B:B,B:B,A:B
10,A:B,B:B,A:B,A:A,B:B,A:B,B:B,A:A,B:B,A:B,B:B,A:A,B:B,B:B,A:A,A:B,B:B,B:B,B:B,B:B
10,A:A,B:B,A:B,A:A,B:B,B:B,A:B,A:A,B:B,A:B,B:B,A:A,B:B,B:B,A:A,A:B,A:B,B:B,B:B,B:B
10,A:B,A:B,A:B,A:A,A:B,B:B,A:B,A:A,B:B,B:B,B:B,A:A,B:B,A:B,A:A,A:A,A:B,A:B,A:A,B:B
10,A:B,A:B,B:B,A:A,B:B,B:B,A:A,A:B,B:B,A:B,B:B,A:A,B:B,B:B,A:A,A:A,B:B,B:B,A:B,A:B
11,A:B,A:B,A:B,A:A,A:B,A:B,A:B,A:A,B:B,B:B,B:B,A:A,B:B,B:B,A:A,A:B,B:B,B:B,B:B,A:B
11,A:A,B:B,A:A,A:A,B:B,B:B,B:B,A:A,B:B,B:B,B:B,A:A,B:B,A:B,A:A,A:B,A:B,B:B,A:B,A:B
11,A:A,A:B,A:B,A:A,B:B,B:B,A:B,A:A,A:B,B:B,B:B,A:A,B:B,B:B,A:A,A:B,B:B,A:A,A:B,A:B
11,A:B,A:B,A:B,A:A,B:B,A:B,A:B,A:A,B:B,A:B,B:B,A:B,B:B,A:A,A:A,A:B,A:B,B:B,A:A,B:B
11,B:B,A:B,A:B,A:A,B:B,A:B,B:B,A:B,B:B,A:B,B:B,A:B,B:B,B:B,A:A,A:A,B:B,B:B,B:B,B:B
11,A:B,B:B,A:B,A:A,B:B,B:B,B:B,A:A,B:B,A:B,B:B,A:A,B:B,B:B,A:A,A:A,B:B,A:B,A:A,B:B
11,A:A,A:B,A:B,A:A,B:B,B:B,B:B,A:A,B:B,B:B,B:B,A:A,B:B,B:B,A:A,A:A,B:B,A:B,A:A,B:B
11,A:A,B:B,A:B,A:A,B:B,B:B,A:A,A:A,B:B,A:B,B:B,A:B,B:B,A:B,A:A,A:A,A:B,B:B,B:B,B:B
11,A:A,A:A,A:B,A:A,B:B,B:B,B:B,A:A,B:B,B:B,B:B,A:A,B:B,A:B,A:A,A:A,A:B,B:B,A:A,A:B
11,A:A,A:B,A:B,A:A,B:B,B:B,A:B,A:A,A:B,A:B,B:B,A:A,B:B,A:A,A:A,A:B,A:B,B:B,A:A,B:B
11,A:A,A:B,A:A,A:A,B:B,B:B,B:B,A:A,A:B,B:B,B:B,A:A,B:B,A:B,A:A,A:A,A:B,A:A,A:A,B:B
11,A:B,A:B,A:A,A:A,B:B,B:B,A:B,A:B,B:B,A:B,B:B,A:A,B:B,B:B,A:A,A:B,B:B,A:B,A:A,A:B
11,B:B,B:B,A:B,A:A,B:B,B:B,A:A,A:A,B:B,B:B,B:B,A:A,B:B,A:B,A:A,A:A,A:B,B:B,A:B,B:B
11,A:A,A:A,A:B,A:A,B:B,B:B,A:B,A:A,B:B,B:B,B:B,A:B,B:B,A:B,A:A,B:B,B:B,A:B,B:B,B:B
11,A:A,B:B,A:A,A:A,A:B,B:B,B:B,A:A,A:B,A:B,B:B,A:A,B:B,A:A,A:B,A:A,A:B,A:B,A:B,A:B
11,A:A,A:B,B:B,A:A,B:B,B:B,B:B,A:A,B:B,A:A,B:B,A:A,B:B,A:B,A:A,A:B,B:B,A:A,A:B,B:B
11,A:A,A:B,A:A,A:A,B:B,A:B,A:B,A:A,B:B,B:B,B:B,A:A,B:B,A:B,A:A,A:A,A:B,B:B,A:A,A:B
11,A:B,B:B,A:B,A:A,B:B,B:B,A:B,A:A,B:B,A:B,B:B,A:A,B:B,A:A,A:A,A:A,A:B,B:B,B:B,B:B
11,A:A,A:B,B:B,A:A,B:B,B:B,A:A,A:A,B:B,A:B,B:B,A:B,B:B,B:B,A:A,A:B,B:B,A:B,A:B,B:B
11,A:B,A:B,A:B,A:A,B:B,A:B,A:B,A:A,B:B,B:B,B:B,A:B,B:B,B:B,A:B,A:B,A:B,B:B,A:A,A:B
11,A:A,B:B,A:A,A:A,B:B,B:B,A:B,A:A,B:B,B:B,B:B,A:A,B:B,A:A,A:A,A:A,A:B,B:B,B:B,B:B
11,A:A,B:B,B:B,A:A,A:B,B:B,A:B,A:A,A:A,A:B,B:B,A:A,B:B,A:A,A:A,A:A,B:B,A:A,A:A,A:B
11,A:B,A:A,B:B,A:A,B:B,B:B,A:A,A:A,A:B,B:B,B:B,A:B,B:B,A:B,A:A,A:A,B:B,A:B,B:B,B:B
11,A:B,A:B,A:B,A:A,B:B,B:B,A:A,A:A,A:B,A:B,B:B,A:B,B:B,B:B,A:A,A:B,B:B,B:B,A:B,B:B
11,A:A,B:B,A:A,A:A,A:B,B:B,A:B,A:A,B:B,B:B,B:B,A:A,B:B,A:B,A:A,A:A,B:B,A:B,A:B,B:B
11,A:A,B:B,A:A,A:A,A:B,B:B,B:B,A:A,B:B,A:A,B:B,A:A,B:B,A:A,A:A,A:B,B:B,A:B,A:B,B:B
11,A:A,B:B,A:B,A:A,B:B,A:B,A:A,A:A,B:B,B:B,B:B,A:A,B:B,B:B,A:A,A:B,A:B,B:B,B:B,B:B
11,A:B,A:A,A:B,A:A,B:B,A:B,A:B,A:A,B:B,B:B,B:B,A:A,B:B,A:A,A:A,A:A,A:B,B:B,B:B,B:B
11,A:A,B:B,A:B,A:A,B:B,B:B,A:A,A:A,A:B,B:B,B:B,A:A,B:B,B:B,A:A,A:B,B:B,B:B,B:B,A:B
11,A:B,A:B,A:B,A:A,B:B,A:B,A:A,A:A,B:B,A:B,B:B,A:A,B:B,A:B,A:A,A:A,B:B,A:B,A:B,B:B
11,A:B,A:B,A:B,A:A,B:B,B:B,B:B,A:A,B:B,A:B,B:B,A:B,B:B,A:A,A:A,A:A,A:B,B:B,A:A,B:B
11,A:A,A:B,A:A,A:A,B:B,B:B,A:A,A:A,B:B,B:B,B:B,A:A,B:B,B:B,A:A,A:B,B:B,B:B,A:A,B:B
11,A:B,A:B,A:B,A:A,B:B,B:B,B:B,A:A,B:B,A:B,B:B,A:A,B:B,A:B,A:A,B:B,B:B,A:B,A:B,B:B
11,A:A,A:B,A:A,A:A,B:B,A:B,A:B,A:A,B:B,B:B,B:B,A:B,B:B,A:A,A:A,A:A,A:A,A:B,B:B,B:B
11,A:A,A:B,A:A,A:A,B:B,A:B,B:B,A:A,B:B,A:A,B:B,A:A,B:B,A:A,A:A,A:A,A:B,A:B,A:B,B:B
11,A:A,A:B,A:B,A:A,A:B,B:B,B:B,A:A,B:B,B:B,B:B,A:A,B:B,B:B,A:A,A:A,A:B,B:B,A:A,B:B
11,A:B,A:B,A:A,A:A,B:B,B:B,B:B,A:A,B:B,B:B,B:B,A:A,B:B,A:B,A:A,A:B,A:B,A:B,A:A,B:B
11,A:B,A:B,A:B,A:A,B:B,A:B,A:B,A:A,B:B,A:B,B:B,A:B,A:B,A:B,A:A,A:B,B:B,A:B,B:B,B:B
11,A:A,B:B,A:B,A:A,B:B,B:B,A:B,A:A,A:A,B:B,B:B,A:A,B:B,A:A,A:A,A:A,A:B,A:B,B:B,A:B
11,A:A,B:B,A:A,A:A,B:B,B:B,B:B,A:A,A:B,A:B,B:B,A:A,B:B,A:B,A:A,A:A,A:B,A:B,A:A,B:B
11,A:A,A:B,B:B,A:A,B:B,B:B,A:A,A:A,B:B,B:B,B:B,A:A,B:B,A:A,A:A,A:B,B:B,A:B,A:B,A:B
11,A:B,A:B,B:B,A:A,B:B,A:B,A:B,A:A,A:A,B:B,B:B,A:A,B:B,B:B,A:B,A:A,B:B,A:B,A:B,A:B
11,A:B,A:B,A:B,A:A,B:B,B:B,A:A,A:A,A:B,B:B,B:B,A:A,B:B,A:B,A:A,A:A,B:B,A:A,B:B,B:B
11,A:A,A:B,A:A,A:A,B:B,B:B,B:B,A:A,B:B,B:B,B:B,A:A,B:B,A:B,A:A,A:B,B:B,B:B,A:B,A:B
11,A:A,A:B,A:A,A:A,B:B,A:A,B:B,A:A,B:B,A:B,B:B,A:A,B:B,A:B,A:A,A:B,B:B,B:B,B:B,A:B
11,A:A,A:B,A:B,A:A,B:B,A:B,A:A,A:A,B:B,A:B,B:B,A:A,B:B,B:B,A:A,A:A,A:B,A:A,A:B,B:B
11,A:A,B:B,A:B,A:A,B:B,B:B,A:A,A:A,B:B,A:B,B:B,A:A,B:B,B:B,A:A,B:B,A:A,B:B,A:B,B:B
11,A:A,B:B,B:B,A:A,B:B,B:B,A:B,A:A,A:A,A:B,B:B,A:A,B:B,A:B,A:A,A:B,B:B,B:B,A:B,B:B
11,A:A,A:B,A:B,A:A,B:B,B:B,A:A,A:A,A:B,B:B,B:B,A:A,B:B,A:B,A:A,A:A,A:B,B:B,A:B,B:B
11,A:A,A:B,A:B,A:A,B:B,B:B,A:B,A:A,B:B,B:B,B:B,A:A,B:B,A:B,A:B,A:A,A:A,B:B,A:B,B:B
11,A:A,A:A,B:B,A:A,B:B,B:B,A:B,A:A,B:B,A:B,B:B,A:B,B:B,A:B,A:A,A:A,A:B,A:B,A:B,B:B
11,A:B,A:B,A:B,A:A,A:B,B:B,A:B,A:A,A:B,B:B,B:B,A:A,B:B,B:B,A:A,A:A,B:B,B:B,A:A,B:B
11,A:A,A:B,A:A,A:A,B:B,B:B,B:B,A:A,A:B,A:B,B:B,A:A,B:B,A:B,A:A,A:A,B:B,A:B,A:A,A:B
11,A:A,B:B,A:A,A:A,B:B,A:B,B:B,A:A,B:B,B:B,B:B,A:A,B:B,A:B,A:A,A:A,B:B,B:B,A:B,B:B
11,A:B,B:B,A:B,A:A,B:B,B:B,A:A,A:A,A:B,B:B,B:B,A:A,B:B,A:B,A:A,A:A,A:B,A:B,A:B,B:B
11,A:A,A:A,A:B,A:A,A:B,B:B,A:B,A:A,B:B,A:B,B:B,A:B,B:B,B:B,A:A,A:B,A:A,B:B,B:B,A:B
11,A:B,A:B,A:A,A:A,B:B,A:B,A:A,A:A,A:B,B:B,B:B,B:B,B:B,A:A,A:A,A:B,B:B,A:B,A:B,B:B
11,A:A,A:B,A:B,A:A,B:B,A:B,A:B,A:A,B:B,A:B,B:B,A:A,B:B,A:B,A:A,A:A,B:B,B:B,B:B,B:B
11,A:A,A:B,A:B,A:A,B:B,B:B,A:A,A:A,B:B,A:B,B:B,B:B,B:B,B:B,A:A,A:B,A:B,B:B,A:A,B:B
11,A:A,A:B,A:A,A:A,B:B,A:B,B:B,A:A,B:B,B:B,B:B,A:B,B:B,A:B,A:A,A:A,A:A,B:B,A:B,A:B
11,A:A,A:B,A:B,A:A,B:B,B:B,A:B,A:A,B:B,B:B,B:B,A:A,B:B,A:A,A:A,A:A,B:B,A:A,A:B,B:B
11,A:B,A:A,A:B,A:A,B:B,B:B,A:A,A:A,A:B,A:A,B:B,A:B,B:B,B:B,A:A,A:A,A:A,A:B,A:B,A:B
11,A:A,A:B,A:B,A:A,B:B,A:B,A:A,A:A,B:B,A:B,B:B,A:A,B:B,A:A,A:A,A:B,B:B,A:A,A:B,B:B
11,A:B,B:B,A:A,A:A,B:B,A:B,A:B,A:A,A:B,B:B,B:B,A:A,B:B,B:B,A:A,A:B,B:B,B:B,A:A,B:B
11,A:A,B:B,A:A,A:A,B:B,B:B,A:B,A:A,B:B,B:B,B:B,A:A,B:B,A:B,A:A,A:A,A:B,A:A,A:B,A:B
11,A:A,B:B,A:A,A:A,B:B,B:B,B:B,A:A,B:B,B:B,B:B,A:B,B:B,A:A,A:A,A:A,A:B,A:B,B:B,B:B
11,A:B,A:B,A:B,A:A,B:B,B:B,B:B,A:A,B:B,A:B,B:B,A:A,B:B,A:A,A:A,A:A,B:B,B:B,A:B,B:B
11,A:A,A:B,A:A,A:A,B:B,B:B,A:B,A:A,B:B,B:B,B:B,A:A,B:B,A:B,A:A,A:B,B:B,B:B,A:B,B:B
11,A:B,B:B,A:A,A:A,B:B,A:B,A:A,A:A,B:B,B:B,B:B,A:A,B:B,B:B,A:A,A:A,B:B,B:B,A:B,A:B
11,A:A,A:A,B:B,A:A,A:B,B:B,A:B,A:A,B:B,A:B,B:B,A:B,B:B,A:B,A:A,B:B,A:B,A:B,A:B,A:B
11,A:A,A:B,A:A,A:A,B:B,B:B,A:B,A:A,B:B,B:B,B:B,A:A,B:B,B:B,A:A,A:A,A:B,A:B,A:B,B:B
11,A:B,A:A,A:A,A:A,B:B,A:B,A:A,A:A,B:B,A:B,B:B,A:A,B:B,A:B,A:A,A:B,B:B,A:A,B:B,B:B
11,A:A,A:B,A:B,A:A,B:B,B:B,B:B,A:A,B:B,B:B,B:B,A:B,B:B,A:B,A:A,A:A,A:B,A:A,A:A,B:B
11,A:B,B:B,A:A,A:A,B:B,B:B,A:B,A:A,B:B,B:B,B:B,A:A,B:B,B:B,A:A,A:B,A:B,B:B,A:B,A:B
11,A:A,A:B,A:B,A:A,B:B,B:B,A:B,A:A,B:B,B:B,B:B,A:A,B:B,A:B,A:A,A:B,A:A,B:B,A:B,B:B
11,A:B,A:B,A:B,A:A,B:B,A:B,A:B,A:A,B:B,A:A,B:B,A:A,B:B,A:B,A:A,A:A,B:B,A:B,A:B,B:B
11,A:B,A:B,A:B,A:A,B:B,B:B,B:B,A:A,B:B,B:B,B:B,A:A,B:B,A:B,A:A,A:A,A:B,B:B,A:B,B:B
11,A:A,A:B,B:B,A:A,B:B,A:B,B:B,A:A,B:B,A:B,B:B,A:A,B:B,A:A,A:A,A:A,A:B,A:A,A:A,B:B
11,A:A,A:B,A:A,A:A,A:B,A:B,A:A,A:A,B:B,B:B,B:B,A:A,B:B,B:B,A:A,A:B,B:B,B:B,A:B,B:B
11,A:B,B:B,A:B,A:A,B:B,B:B,A:B,A:A,A:B,B:B,B:B,A:A,B:B,B:B,A:A,A:B,B:B,B:B,A:A,A:B
11,A:A,A:A,A:B,A:A,B:B,B:B,B:B,A:A,A:A,B:B,B:B,A:A,B:B,A:A,A:A,A:A,A:B,B:B,A:B,B:B
11,A:A,A:A,A:A,A:A,A:B,B:B,A:A,A:A,A:B,A:B,B:B,A:A,B:B,A:B,A:A,A:A,B:B,A:B,A:A,B:B
11,A:A,A:B,A:A,A:A,B:B,B:B,A:A,A:A,B:B,A:B,B:B,A:A,B:B,A:B,A:A,A:A,A:B,A:B,A:A,B:B
11,A:B,A:B,A:A,A:A,B:B,B:B,B:B,A:A,A:B,B:B,B:B,A:A,B:B,B:B,A:A,A:A,B:B,A:B,A:B,A:B
11,A:A,A:A,A:B,A:A,B:B,A:B,B:B,A:A,B:B,A:B,B:B,B:B,B:B,A:B,A:A,A:A,A:B,A:B,A:B,A:B
11,A:B,B:B,A:B,A:A,B:B,A:B,A:A,A:A,B:B,A:B,B:B,A:A,B:B,A:B,A:A,A:B,B:B,B:B,B:B,B:B
11,A:A,A:B,A:A,A:A,B:B,B:B,A:B,A:A,B:B,B:B,B:B,A:A,B:B,A:B,A:A,A:A,A:B,B:B,A:A,A:B
11,A:A,B:B,A:B,A:A,B:B,A:B,A:B,A:A,B:B,B:B,B:B,A:A,B:B,A:B,A:A,A:A,A:B,B:B,A:B,A:B
11,A:A,A:B,B:B,A:A,B:B,B:B,A:B,A:A,A:B,B:B,B:B,A:A,B:B,B:B,A:A,A:A,A:B,A:B,A:A,B:B
11,A:B,B:B,A:B,A:A,B:B,A:B,B:B,A:A,B:B,B:B,B:B,A:A,B:B,B:B,A:A,A:A,A:B,A:B,A:A,B:B
11,A:A,B:B,A:A,A:A,B:B,B:B,A:A,A:A,B:B,B:B,B:B,A:A,B:B,A:B,A:A,A:A,B:B,A:B,B:B,B:B
11,A:A,A:B,A:B,A:A,B:B,A:B,B:B,A:A,A:B,B:B,B:B,A:B,B:B,A:A,A:A,A:B,B:B,A:B,A:A,B:B
11,A:A,A:B,A:A,A:A,B:B,B:B,A:B,A:A,B:B,A:B,B:B,A:A,B:B,A:A,A:A,A:B,B:B,A:B,A:B,B:B
11,A:A,A:B,A:B,A:A,B:B,A:B,A:B,A:A,B:B,A:B,B:B,A:A,B:B,A:B,A:A,B:B,B:B,B:B,A:B,B:B
11,A:A,B:B,A:B,A:A,B:B,B:B,A:B,A:A,A:B,B:B,B:B,A:A,B:B,B:B,A:A,A:B,A:A,B:B,A:B,B:B
11,A:A,B:B,A:A,A:A,B:B,A:B,B:B,A:A,B:B,B:B,B:B,A:B,B:B,B:B,A:A,A:A,B:B,B:B,A:B,B:B
11,A:A,B:B,A:A,A:A,B:B,B:B,B:B,A:A,A:B,B:B,B:B,A:A,B:B,B:B,A:B,A:A,B:B,B:B,A:A,B:B
11,A:A,B:B,A:B,A:A,B:B,A:B,A:A,A:A,A:B,B:B,B:B,A:A,B:B,A:B,A:A,A:A,A:B,A:A,A:A,A:B
11,A:B,A:B,A:A,A:A,B:B,B:B,B:B,A:A,A:B,B:B,B:B,A:A,B:B,A:A,A:A,A:A,B:B,B:B,A:B,A:B
11,A:B,B:B,A:A,A:A,B:B,B:B,A:B,A:A,A:B,A:B,B:B,A:B,B:B,A:B,A:A,A:B,B:B,A:B,A:B,A:B
12,A:A,B:B,A:B,A:A,A:B,B:B,B:B,A:A,B:B,B:B,B:B,A:A,B:B,A:B,A:A,A:A,A:A,B:B,A:B,A:A
12,A:A,B:B,B:B,A:A,B:B,A:B,B:B,A:A,B:B,B:B,B:B,A:B,B:B,B:B,A:A,B:B,A:B,B:B,A:B,B:B
12,A:A,A:B,A:A,A:A,B:B,B:B,B:B,A:A,A:A,B:B,B:B,A:A,B:B,A:B,A:A,A:B,B:B,A:A,A:B,A:A
12,A:A,B:B,A:A,A:A,B:B,B:B,A:B,A:A,A:B,A:B,B:B,A:B,B:B,A:B,A:A,A:B,A:A,A:B,A:A,A:A
12,A:A,A:A,A:A,A:A,B:B,B:B,A:B,A:A,A:B,A:B,B:B,A:A,B:B,A:B,A:A,A:B,A:A,B:B,A:A,A:B
12,B:B,A:B,A:B,A:A,B:B,B:B,A:B,A:A,B:B,B:B,B:B,A:A,B:B,A:A,A:A,A:B,A:B,B:B,A:A,A:B
12,A:B,A:B,B:B,A:A,B:B,B:B,B:B,A:A,A:B,B:B,B:B,A:B,A:B,A:B,A:A,A:B,B:B,B:B,A:B,B:B
12,A:A,A:B,B:B,A:A,A:B,B:B,A:B,A:A,B:B,B:B,B:B,A:A,A:B,A:B,A:A,A:A,A:B,B:B,A:A,A:B
12,A:A,A:B,A:A,A:A,B:B,B:B,A:B,A:A,A:B,A:B,B:B,A:A,B:B,A:B,A:A,A:A,A:B,A:A,A:A,A:B
12,A:A,A:B,A:A,A:A,A:B,B:B,A:B,A:A,A:A,B:B,B:B,A:B,A:B,A:B,A:A,A:A,A:A,A:A,A:A,B:B
12,A:A,B:B,A:B,A:A,B:B,B:B,B:B,A:A,B:B,A:B,B:B,A:A,B:B,A:A,A:A,B:B,A:B,B:B,A:A,A:B
12,A:A,A:A,A:A,A:A,B:B,B:B,B:B,A:A,B:B,B:B,B:B,A:B,B:B,B:B,A:A,A:B,A:B,A:A,A:A,A:B
12,A:A,A:B,B:B,A:A,B:B,B:B,A:B,A:A,A:B,B:B,B:B,A:A,B:B,A:B,A:A,B:B,A:A,A:B,A:A,B:B
12,A:A,A:B,B:B,A:A,A:B,B:B,B:B,A:A,A:B,B:B,B:B,A:A,A:A,A:B,A:A,B:B,A:B,B:B,A:A,A:B
12,A:A,A:A,A:B,A:A,B:B,B:B,A:B,A:A,A:B,B:B,B:B,B:B,B:B,A:B,A:A,B:B,B:B,A:B,A:B,B:B
12,A:A,A:B,A:B,A:A,B:B,B:B,B:B,A:A,A:B,B:B,B:B,A:B,B:B,A:B,A:A,B:B,A:B,A:A,A:A,A:B
12,A:A,A:A,A:A,A:A,B:B,B:B,A:B,A:A,A:B,A:B,B:B,A:A,B:B,A:B,A:A,A:B,B:B,B:B,B:B,A:B
12,A:A,A:B,A:A,A:A,B:B,B:B,A:B,A:A,B:B,B:B,B:B,A:B,A:B,A:B,A:A,A:B,B:B,A:B,A:A,B:B
12,A:A,A:B,A:B,A:A,B:B,B:B,A:A,A:A,A:A,B:B,B:B,A:A,B:B,A:B,A:A,B:B,A:B,A:B,A:B,A:B
12,A:A,A:A,A:A,A:A,B:B,B:B,A:B,A:A,A:A,A:B,B:B,A:A,B:B,B:B,A:A,A:B,B:B,A:B,A:B,B:B
12,A:A,B:B,A:A,A:A,B:B,B:B,B:B,A:A,B:B,B:B,B:B,A:B,B:B,A:A,A:A,A:B,A:B,A:A,A:A,A:B
12,A:A,A:A,A:A,A:A,B:B,A:B,B:B,A:A,A:A,A:A,B:B,A:B,B:B,A:A,A:A,A:A,A:A,A:B,A:B,A:B
12,A:A,A:B,A:A,A:A,B:B,B:B,A:B,A:A,A:B,B:B,B:B,A:B,B:B,A:B,A:A,A:B,A:B,A:B,A:A,A:A
12,A:A,B:B,A:B,A:A,A:B,B:B,A:B,A:A,A:A,B:B,B:B,B:B,B:B,A:A,A:A,A:B,A:A,B:B,A:A,A:B
12,A:A,B:B,A:B,A:A,B:B,B:B,A:B,A:A,A:B,A:B,B:B,A:A,A:B,A:B,A:A,B:B,A:B,A:B,A:B,B:B
12,A:B,B:B,B:B,A:A,B:B,B:B,B:B,A:A,B:B,B:B,B:B,A:B,B:B,A:B,A:A,A:B,A:B,A:B,A:B,A:B
12,A:A,B:B,A:A,A:A,B:B,B:B,B:B,A:A,A:B,B:B,B:B,A:A,B:B,A:B,A:A,A:B,B:B,B:B,A:B,A:B
12,A:A,A:B,A:A,A:A,B:B,B:B,A:B,A:A,A:B,A:B,B:B,A:A,A:B,A:B,A:A,B:B,A:B,A:A,A:B,B:B
12,A:A,A:B,A:A,A:A,B:B,B:B,A:B,A:A,A:B,B:B,B:B,A:B,B:B,A:B,A:A,B:B,A:B,A:B,A:B,A:B
12,A:A,A:A,A:B,A:A,B:B,B:B,A:A,A:A,B:B,A:B,B:B,A:B,B:B,A:A,A:A,B:B,A:B,A:A,B:B,A:B
12,A:A,A:B,A:A,A:A,B:B,B:B,B:B,A:A,B:B,B:B,B:B,B:B,B:B,B:B,A:A,B:B,A:B,A:A,A:A,B:B
12,A:A,A:B,A:B,A:A,B:B,B:B,A:B,A:A,B:B,B:B,B:B,A:B,A:B,A:A,A:A,A:B,A:B,A:A,A:A,A:A
12,A:A,A:A,A:B,A:A,B:B,B:B,A:A,A:A,B:B,A:B,B:B,A:A,B:B,A:A,A:A,A:B,A:A,A:B,A:B,A:B
12,A:A,A:B,B:B,A:A,B:B,B:B,A:B,A:A,B:B,B:B,B:B,A:A,A:B,A:A,A:A,A:B,A:B,B:B,A:A,B:B
12,A:A,B:B,B:B,A:A,B:B,B:B,A:B,A:A,B:B,B:B,B:B,A:A,B:B,A:B,A:A,A:B,A:A,A:B,A:A,A:B
12,A:A,A:B,A:B,A:A,B:B,B:B,B:B,A:A,A:B,A:B,B:B,B:B,B:B,A:B,A:A,A:B,A:A,A:B,A:B,A:A
12,A:A,B:B,A:B,A:A,B:B,B:B,A:B,A:A,A:B,A:B,B:B,A:B,B:B,A:B,A:A,A:A,A:B,A:B,B:B,A:B
12,A:A,A:B,A:B,A:A,B:B,B:B,A:B,A:A,A:B,A:B,B:B,A:A,B:B,B:B,A:A,A:A,B:B,A:A,A:A,A:B
12,A:A,B:B,A:B,A:A,B:B,B:B,B:B,A:A,B:B,A:B,B:B,A:B,A:B,A:A,A:A,B:B,B:B,A:B,A:B,A:B
12,A:A,A:B,A:B,A:A,B:B,B:B,A:B,A:A,A:B,A:B,B:B,A:B,A:B,A:B,A:A,A:B,A:B,A:B,A:A,A:A
12,A:A,B:B,A:B,A:A,A:B,B:B,B:B,A:A,A:B,A:B,B:B,B:B,B:B,A:B,A:A,A:B,A:B,A:B,A:A,A:B
12,A:A,A:B,A:B,A:A,B:B,B:B,A:A,A:A,B:B,A:A,B:B,A:B,B:B,B:B,A:A,A:B,A:B,A:B,A:A,A:A
12,A:A,B:B,A:A,A:A,B:B,B:B,B:B,A:A,A:B,A:A,B:B,A:A,B:B,A:B,A:A,A:A,A:B,A:B,A:A,A:A
12,A:A,A:B,A:A,A:A,B:B,B:B,A:B,A:A,B:B,A:B,B:B,A:B,B:B,A:B,A:A,B:B,A:B,A:A,A:B,A:B
12,A:A,A:B,A:B,A:A,B:B,B:B,A:B,A:A,B:B,B:B,B:B,A:A,B:B,A:B,A:A,A:A,A:B,B:B,A:B,A:A
12,A:A,B:B,B:B,A:A,B:B,A:B,A:B,A:A,B:B,B:B,B:B,A:B,B:B,A:B,A:A,A:B,B:B,A:B,A:B,A:B
12,A:A,A:B,A:B,A:A,B:B,B:B,B:B,A:A,A:B,A:B,B:B,A:B,B:B,A:B,A:A,A:A,A:A,A:B,A:B,B:B
12,A:A,B:B,A:A,A:A,B:B,B:B,A:B,A:A,B:B,A:B,B:B,A:B,A:B,A:A,A:A,A:A,B:B,A:B,A:B,A:A
12,A:A,A:A,A:B,A:A,B:B,B:B,A:A,A:A,B:B,B:B,B:B,A:B,B:B,B:B,A:A,A:B,A:B,A:B,A:A,B:B
12,A:A,B:B,A:B,A:A,B:B,B:B,A:B,A:A,B:B,B:B,B:B,B:B,B:B,B:B,A:A,B:B,A:A,A:A,A:A,A:B
12,A:B,A:A,A:B,A:A,B:B,B:B,A:A,A:A,B:B,A:B,B:B,A:B,B:B,B:B,A:A,B:B,B:B,B:B,A:B,A:B
12,A:A,A:B,A:B,A:A,B:B,B:B,A:A,A:A,A:A,A:B,B:B,B:B,A:B,A:B,A:A,A:B,A:A,A:B,A:A,A:A
12,A:A,A:B,A:A,A:A,B:B,B:B,A:A,A:A,A:B,B:B,B:B,A:A,B:B,B:B,A:A,A:B,A:B,A:B,A:A,B:B
12,A:A,A:A,A:B,A:A,B:B,B:B,A:B,A:A,B:B,B:B,B:B,A:A,B:B,A:A,A:A,B:B,A:B,A:B,A:A,A:B
12,A:A,A:B,B:B,A:A,B:B,B:B,B:B,A:A,B:B,B:B,B:B,A:A,B:B,A:B,A:A,A:B,A:A,A:B,A:B,B:B
12,A:A,A:A,A:B,A:A,B:B,B:B,A:B,A:A,A:B,B:B,B:B,A:B,A:A,A:B,A:A,B:B,A:B,A:B,A:A,A:B
12,A:A,A:B,A:A,A:A,B:B,B:B,B:B,A:A,B:B,B:B,B:B,A:A,A:B,A:B,A:A,A:B,A:A,A:B,A:A,A:B
12,A:A,A:A,A:A,A:A,B:B,B:B,A:B,A:A,A:B,B:B,B:B,A:B,B:B,A:B,A:A,A:B,A:B,A:B,A:A,A:B
12,A:A,A:B,A:B,A:A,B:B,A:B,B:B,A:A,A:B,A:B,B:B,A:A,B:B,A:B,A:A,A:B,A:B,A:B,A:B,B:B
12,A:A,B:B,A:B,A:A,B:B,B:B,A:B,A:A,B:B,B:B,B:B,A:B,B:B,A:B,A:A,A:B,A:B,A:A,A:A,A:A
12,A:A,A:B,A:B,A:A,B:B,B:B,A:B,A:A,B:B,A:B,B:B,A:B,B:B,A:B,A:A,A:B,A:B,A:A,A:A,A:A
12,A:B,B:B,A:B,A:A,B:B,B:B,B:B,A:A,A:B,B:B,B:B,A:B,B:B,A:B,A:A,A:A,A:B,B:B,A:B,A:A
12,A:B,A:B,A:B,A:A,B:B,B:B,B:B,A:A,B:B,B:B,B:B,A:A,B:B,A:A,A:A,A:A,A:B,A:B,A:A,A:A
12,A:A,B:B,A:A,A:A,B:B,A:B,A:B,A:A,A:B,B:B,B:B,A:B,B:B,A:A,A:A,A:B,A:B,B:B,A:B,A:A
12,A:A,A:B,A:B,A:A,B:B,B:B,A:B,A:A,B:B,B:B,B:B,A:A,B:B,B:B,A:A,A:A,A:A,B:B,A:A,B:B
12,A:A,A:B,B:B,A:A,B:B,B:B,B:B,A:A,B:B,B:B,B:B,A:A,A:B,A:B,A:A,B:B,A:B,A:B,A:A,A:B
12,A:A,B:B,A:B,A:A,B:B,B:B,B:B,A:A,A:B,B:B,B:B,A:B,B:B,A:A,A:A,A:B,A:B,A:B,A:A,A:B
12,A:A,A:B,A:B,A:A,A:B,B:B,B:B,A:A,B:B,B:B,B:B,A:A,A:B,A:B,A:A,A:B,A:B,A:B,A:A,B:B
12,A:A,A:B,A:B,A:A,B:B,B:B,B:B,A:A,B:B,B:B,B:B,A:A,B:B,A:B,A:A,A:B,A:B,A:A,A:B,A:A
12,A:A,A:A,B:B,A:A,B:B,B:B,B:B,A:A,A:A,B:B,B:B,A:A,B:B,B:B,A:A,A:B,B:B,B:B,A:A,A:A
12,A:A,A:B,A:A,A:A,B:B,B:B,B:B,A:A,B:B,B:B,B:B,A:B,B:B,A:B,A:A,B:B,B:B,A:B,A:A,A:B
12,A:A,B:B,B:B,A:A,B:B,B:B,A:B,A:A,A:B,B:B,B:B,A:B,B:B,B:B,A:A,A:B,A:B,B:B,A:A,A:B
12,A:A,A:B,B:B,A:A,B:B,B:B,B:B,A:A,A:B,A:B,B:B,A:A,A:B,A:B,A:A,A:B,A:A,B:B,A:A,A:A
12,A:B,A:B,B:B,A:A,B:B,B:B,B:B,A:A,B:B,A:B,B:B,A:B,B:B,A:B,A:A,A:A,A:A,A:B,A:A,B:B
12,A:A,A:A,A:A,A:A,B:B,B:B,A:B,A:A,B:B,B:B,B:B,A:B,B:B,A:B,A:A,A:A,A:A,B:B,A:B,A:A
12,A:A,B:B,A:B,A:A,B:B,A:B,A:A,A:A,B:B,A:B,B:B,B:B,B:B,A:B,A:A,A:B,A:B,A:B,A:A,B:B
12,A:A,A:B,A:B,A:A,B:B,B:B,B:B,A:A,A:B,B:B,B:B,A:B,A:B,A:B,A:A,B:B,A:B,A:B,A:A,A:B
12,A:A,A:B,B:B,A:A,B:B,B:B,B:B,A:A,A:B,B:B,B:B,A:B,B:B,A:B,A:A,A:A,A:B,A:B,A:B,A:B
12,A:A,A:B,A:B,A:A,B:B,B:B,B:B,A:A,B:B,A:B,B:B,A:A,A:B,A:A,A:A,A:B,A:B,A:B,A:A,A:A
12,A:A,A:B,B:B,A:A,B:B,B:B,B:B,A:A,A:B,B:B,B:B,A:B,B:B,B:B,A:A,A:B,A:B,B:B,A:B,A:B
12,A:A,A:B,A:A,A:A,B:B,B:B,A:A,A:A,B:B,A:B,B:B,A:B,B:B,B:B,A:A,A:B,B:B,A:B,A:B,A:A
12,A:B,A:B,A:B,A:A,A:B,B:B,B:B,A:A,B:B,B:B,B:B,A:B,A:B,A:B,A:A,A:A,A:A,A:B,A:A,A:A
12,A:A,A:B,A:B,A:A,B:B,B:B,B:B,A:A,A:A,B:B,B:B,A:B,B:B,A:A,A:A,A:B,A:B,A:B,A:A,A:B
12,A:A,A:B,A:B,A:A,B:B,B:B,B:B,A:A,B:B,B:B,B:B,A:A,B:B,A:A,A:A,B:B,A:B,A:B,A:B,A:B
12,A:A,B:B,A:A,A:A,B:B,B:B,A:B,A:A,B:B,A:A,B:B,A:B,B:B,A:B,A:A,A:A,A:A,A:A,A:A,A:A
12,A:A,A:B,A:B,A:A,A:B,B:B,B:B,A:A,A:B,B:B,B:B,A:A,B:B,B:B,A:A,B:B,A:B,A:B,A:A,B:B
12,A:A,B:B,A:B,A:A,B:B,B:B,A:B,A:A,B:B,A:B,B:B,A:B,A:B,B:B,A:A,A:B,A:A,A:A,A:A,A:B
12,A:A,A:B,A:B,A:A,B:B,B:B,A:B,A:A,B:B,A:A,B:B,A:A,A:B,A:A,A:A,A:A,A:B,A:A,A:A,A:A
12,A:A,A:A,A:B,A:A,B:B,B:B,B:B,A:A,B:B,A:B,B:B,A:B,B:B,B:B,A:A,B:B,A:A,A:B,A:A,A:A
12,A:B,A:B,A:B,A:A,B:B,B:B,A:B,A:A,B:B,A:B,B:B,A:A,B:B,B:B,A:A,B:B,A:B,A:A,A:A,A:B
12,A:A,B:B,A:A,A:A,B:B,B:B,B:B,A:A,A:A,B:B,B:B,A:B,B:B,B:B,A:A,A:B,A:B,B:B,A:B,B:B
12,A:A,A:A,A:A,A:A,B:B,B:B,A:A,A:A,A:B,B:B,B:B,A:A,B:B,B:B,A:A,B:B,A:A,A:B,A:B,B:B
12,A:A,B:B,A:A,A:A,B:B,B:B,B:B,A:A,A:B,A:A,B:B,A:A,A:B,A:B,A:A,A:B,A:B,A:A,A:A,A:A
12,A:A,A:B,A:B,A:A,B:B,B:B,A:B,A:A,A:A,A:B,B:B,A:B,A:B,A:A,A:A,A:A,A:A,B:B,A:A,A:B
12,A:A,A:A,A:B,A:A,A:B,B:B,B:B,A:A,B:B,A:B,B:B,B:B,B:B,A:B,A:A,A:B,A:A,A:B,B:B,A:B
12,A:B,A:A,A:B,A:A,A:B,B:B,A:B,A:A,B:B,A:B,B:B,B:B,A:B,A:A,A:A,A:B,A:B,A:A,A:A,B:B
12,A:A,B:B,A:A,A:A,B:B,B:B,A:A,A:A,B:B,B:B,B:B,A:A,B:B,A:A,A:A,A:A,A:A,B:B,A:A,A:B
12,A:A,A:B,A:B,A:A,A:B,B:B,A:A,A:A,A:B,B:B,B:B,A:B,B:B,A:A,A:A,A:B,A:B,A:B,A:A,A:B
12,A:A,A:B,A:B,A:A,B:B,A:B,B:B,A:A,B:B,B:B,B:B,A:A,B:B,A:A,A:A,A:B,A:B,B:B,A:A,A:A
12,A:A,A:B,A:A,A:A,B:B,B:B,A:B,A:A,A:B,A:B,B:B,A:B,B:B,B:B,A:A,A:B,A:A,B:B,A:B,A:B
13,A:B,A:B,B:B,A:A,B:B,B:B,A:B,A:A,A:A,B:B,B:B,A:A,B:B,A:B,A:A,B:B,B:B,B:B,A:A,A:B
13,A:A,A:B,A:A,A:A,B:B,B:B,B:B,A:A,A:A,A:B,A:B,A:A,A:B,A:A,A:A,A:B,A:B,B:B,A:B,A:B
13,A:A,A:A,B:B,A:A,B:B,A:B,A:B,A:A,A:B,B:B,A:B,A:A,B:B,A:A,A:A,A:B,B:B,A:B,A:A,B:B
13,B:B,A:B,A:A,A:A,B:B,A:B,A:B,A:A,A:B,B:B,A:B,A:A,A:B,A:A,A:A,A:B,A:B,A:B,A:A,B:B
13,A:A,B:B,A:B,A:A,A:B,B:B,B:B,A:A,A:B,A:B,B:B,A:B,B:B,A:B,A:A,A:B,B:B,B:B,A:A,A:B
13,A:A,B:B,B:B,A:A,B:B,B:B,B:B,A:A,B:B,A:B,B:B,A:A,B:B,A:B,A:A,A:B,A:B,A:A,A:A,A:B
13,A:A,B:B,A:B,A:A,B:B,B:B,A:B,A:A,A:A,B:B,B:B,A:A,B:B,A:B,A:A,A:B,B:B,A:B,A:A,B:B
13,A:B,B:B,A:A,A:A,B:B,B:B,A:B,A:A,A:A,A:B,B:B,A:B,B:B,A:A,A:A,A:B,A:B,B:B,A:A,A:B
13,A:A,B:B,A:B,A:A,B:B,A:B,B:B,A:A,A:A,B:B,A:B,A:A,B:B,A:A,A:A,A:B,B:B,A:B,A:A,A:B
13,A:A,A:B,A:B,A:A,B:B,B:B,B:B,A:A,B:B,B:B,B:B,A:B,B:B,A:A,A:A,A:B,A:B,B:B,A:A,B:B
13,A:B,B:B,A:B,A:A,B:B,B:B,B:B,A:A,A:A,B:B,B:B,A:B,B:B,A:A,A:A,A:B,B:B,B:B,A:A,A:B
13,A:A,A:A,A:B,A:A,B:B,A:B,A:B,A:A,A:B,A:B,B:B,A:A,B:B,A:A,A:A,B:B,B:B,B:B,A:A,A:A
13,A:A,B:B,A:B,A:A,B:B,B:B,B:B,A:A,B:B,A:A,B:B,A:A,B:B,A:A,A:A,A:A,B:B,A:B,A:A,A:A
13,A:A,A:B,A:B,A:A,B:B,B:B,A:B,A:A,A:B,B:B,A:B,A:B,B:B,A:B,A:A,B:B,B:B,B:B,A:A,A:B
13,B:B,B:B,B:B,A:A,B:B,B:B,B:B,A:A,A:B,B:B,B:B,A:B,B:B,A:A,A:A,A:B,A:B,B:B,A:A,A:A
13,A:A,A:B,B:B,A:A,B:B,A:B,A:B,A:A,A:B,B:B,B:B,A:B,B:B,A:B,A:A,A:A,B:B,B:B,A:A,B:B
13,A:B,A:B,A:A,A:B,B:B,B:B,B:B,A:A,A:A,B:B,B:B,A:B,B:B,A:A,A:A,A:B,A:B,B:B,A:A,A:A
13,A:B,A:B,B:B,A:A,B:B,A:B,B:B,A:A,A:A,B:B,B:B,A:B,B:B,A:A,A:A,A:B,B:B,A:A,A:A,A:B
13,A:A,B:B,A:B,A:A,B:B,B:B,B:B,A:A,A:A,B:B,B:B,A:B,B:B,A:A,A:A,A:A,B:B,B:B,A:A,A:A
13,A:A,B:B,B:B,A:B,B:B,A:B,B:B,A:A,A:B,B:B,B:B,A:A,B:B,A:A,A:A,A:A,A:B,A:A,A:A,A:A
13,A:B,A:B,B:B,A:A,A:B,B:B,B:B,A:A,A:A,B:B,B:B,A:A,B:B,A:B,A:A,A:A,A:B,B:B,A:A,A:A
13,A:A,B:B,A:B,A:A,B:B,A:B,B:B,A:A,A:A,B:B,B:B,A:B,B:B,A:A,A:A,A:B,B:B,A:B,A:A,A:A
13,A:A,B:B,A:B,A:A,B:B,A:B,B:B,A:A,A:B,A:B,A:B,A:A,B:B,A:A,A:A,A:B,B:B,B:B,A:B,A:A
13,A:A,A:B,A:A,A:A,B:B,A:B,A:B,A:A,A:A,A:B,B:B,A:A,B:B,A:A,A:A,A:A,A:B,A:B,A:A,A:B
13,A:A,B:B,A:B,A:A,B:B,B:B,A:B,A:A,A:B,A:B,B:B,A:A,B:B,A:A,A:A,A:A,B:B,A:A,A:A,A:B
13,A:B,A:B,A:B,A:A,A:B,B:B,A:B,A:A,A:B,B:B,A:B,A:A,B:B,A:B,A:A,A:B,B:B,B:B,A:A,A:B
13,A:A,B:B,A:B,A:A,B:B,B:B,B:B,A:A,B:B,A:A,B:B,A:A,B:B,A:B,A:A,A:B,B:B,A:A,A:A,A:B
13,A:A,B:B,A:B,A:A,B:B,B:B,B:B,A:A,A:B,B:B,A:B,A:A,B:B,A:A,A:A,A:A,B:B,B:B,A:A,A:A
13,A:B,A:B,B:B,A:A,B:B,B:B,B:B,A:A,A:A,B:B,B:B,A:B,B:B,A:B,A:A,A:B,B:B,A:B,A:A,B:B
13,A:B,A:B,B:B,A:A,B:B,B:B,B:B,A:A,A:B,B:B,A:A,A:A,B:B,A:A,A:A,B:B,B:B,A:A,A:A,A:B
13,A:A,B:B,A:B,A:A,B:B,B:B,B:B,A:A,B:B,B:B,A:B,A:A,B:B,A:A,A:A,A:B,B:B,A:B,A:A,A:A
13,A:A,B:B,A:A,A:A,A:B,B:B,A:B,A:A,A:B,B:B,B:B,A:B,B:B,A:A,A:A,A:B,A:B,A:B,A:A,A:A
13,A:A,B:B,A:B,A:A,B:B,B:B,A:B,A:A,A:B,A:B,B:B,A:A,B:B,A:A,A:A,A:A,A:B,B:B,A:A,B:B
13,B:B,B:B,A:B,A:A,B:B,B:B,A:B,A:A,A:A,B:B,B:B,A:B,B:B,A:A,A:A,A:B,A:B,B:B,A:A,A:A
13,A:B,A:B,B:B,A:A,B:B,B:B,A:B,A:A,A:A,B:B,B:B,A:A,B:B,A:A,A:A,B:B,B:B,A:B,A:A,A:A
13,A:B,B:B,A:B,A:A,B:B,B:B,B:B,A:A,A:A,B:B,B:B,A:A,A:B,A:B,A:A,A:B,A:B,A:B,A:A,B:B
13,A:B,A:B,A:B,A:A,B:B,A:B,A:B,A:A,B:B,A:B,A:B,A:B,B:B,A:A,A:A,B:B,A:B,B:B,A:A,A:B
13,A:A,B:B,B:B,A:A,B:B,B:B,A:B,A:A,A:B,A:B,B:B,A:A,B:B,A:A,A:A,A:B,B:B,A:B,A:A,B:B
13,A:B,B:B,B:B,A:A,B:B,A:B,B:B,A:A,A:B,A:B,B:B,A:A,B:B,A:A,A:A,A:B,A:B,A:A,A:A,A:B
13,A:B,B:B,A:A,A:A,B:B,B:B,B:B,A:A,A:A,B:B,A:B,A:B,B:B,A:A,A:A,A:A,A:B,B:B,A:A,B:B
13,A:A,A:B,B:B,A:A,B:B,B:B,B:B,A:A,B:B,A:B,B:B,A:B,B:B,A:B,A:A,B:B,A:B,B:B,A:A,A:A
13,A:A,B:B,A:A,A:B,B:B,A:B,B:B,A:A,B:B,A:B,B:B,A:B,B:B,A:A,A:A,A:B,B:B,A:B,A:B,A:B
13,A:A,B:B,A:B,A:A,B:B,B:B,A:B,A:A,A:A,A:A,B:B,A:A,B:B,A:A,A:A,A:B,A:B,A:B,A:A,B:B
13,A:B,B:B,A:B,A:A,B:B,A:B,B:B,A:A,A:B,A:A,B:B,A:A,B:B,A:A,A:A,A:B,B:B,A:B,A:B,A:B
13,A:A,A:B,B:B,A:A,B:B,A:B,A:B,A:A,A:B,A:B,B:B,A:A,B:B,A:A,A:A,A:B,B:B,A:B,A:A,A:B
13,A:A,A:A,B:B,A:A,A:B,A:B,A:B,A:A,B:B,A:B,B:B,A:A,B:B,A:B,A:A,A:B,B:B,A:B,A:A,A:A
13,A:B,B:B,A:B,A:A,B:B,B:B,B:B,A:A,A:B,B:B,B:B,A:A,B:B,A:A,A:A,A:A,B:B,A:B,A:A,A:B
13,A:A,B:B,A:B,A:A,B:B,A:B,B:B,A:A,B:B,A:B,A:B,A:B,B:B,A:A,A:A,A:B,B:B,A:B,A:A,A:A
13,A:A,A:B,A:A,A:A,B:B,B:B,A:B,A:A,B:B,B:B,A:B,A:A,B:B,A:B,A:A,A:A,B:B,A:B,A:A,A:A
13,A:B,B:B,A:B,A:A,B:B,A:B,A:B,A:A,A:A,B:B,B:B,A:B,B:B,A:A,A:A,A:B,A:B,A:B,A:A,A:B
13,A:A,B:B,A:B,A:A,B:B,B:B,A:B,A:A,A:B,A:B,B:B,A:B,B:B,A:B,A:A,A:A,B:B,A:B,A:A,A:B
13,A:A,A:B,A:B,A:A,B:B,A:A,B:B,A:A,A:B,B:B,B:B,A:B,B:B,B:B,A:A,A:B,B:B,A:B,A:A,A:A
13,A:A,A:B,A:B,A:A,B:B,A:B,A:B,A:A,A:B,B:B,B:B,A:A,B:B,A:B,A:A,A:B,B:B,A:B,A:A,A:B
13,A:B,B:B,B:B,A:A,B:B,B:B,A:B,A:A,B:B,A:B,A:B,A:A,B:B,A:B,A:A,B:B,B:B,A:B,A:A,A:A
13,A:A,B:B,A:B,A:A,A:B,A:B,B:B,A:A,A:A,A:B,B:B,A:A,B:B,A:A,A:A,A:B,B:B,A:B,A:A,A:A
13,A:A,B:B,A:A,A:A,B:B,B:B,A:B,A:A,A:A,A:A,A:B,A:A,B:B,A:B,A:A,A:B,A:B,A:B,A:B,A:B
13,A:A,A:B,A:B,A:A,B:B,B:B,A:B,A:A,A:B,A:B,B:B,A:B,B:B,A:A,A:A,B:B,B:B,A:B,A:A,A:B
13,A:A,B:B,B:B,A:A,B:B,B:B,A:B,A:A,A:B,A:B,B:B,B:B,B:B,A:B,A:A,B:B,A:B,A:B,A:A,A:A
13,A:A,B:B,B:B,A:A,B:B,B:B,B:B,A:A,A:B,A:B,B:B,A:A,B:B,A:A,A:A,A:B,B:B,A:B,A:A,B:B
13,A:A,B:B,A:B,A:A,B:B,B:B,A:B,A:A,B:B,A:B,B:B,A:A,B:B,A:B,A:A,A:B,B:B,B:B,A:A,A:B
13,A:A,A:B,A:B,A:A,B:B,B:B,A:B,A:A,A:B,A:B,B:B,B:B,B:B,A:A,A:A,A:B,A:B,A:B,A:A,A:A
13,A:A,B:B,A:B,A:A,B:B,B:B,A:B,A:A,A:B,A:B,B:B,A:A,B:B,A:B,A:A,A:B,A:B,A:A,A:A,A:A
13,A:B,A:B,B:B,A:A,A:B,B:B,B:B,A:A,A:B,B:B,B:B,A:A,B:B,A:A,A:A,A:B,A:B,A:A,A:A,A:A
13,A:A,A:B,B:B,A:A,B:B,A:B,B:B,A:A,A:B,B:B,B:B,A:B,B:B,A:A,A:A,A:A,A:B,A:B,A:A,A:A
13,A:A,B:B,B:B,A:A,B:B,B:B,B:B,A:A,A:B,A:A,B:B,A:B,B:B,A:A,A:A,B:B,A:B,B:B,A:A,A:B
13,A:A,A:B,A:B,A:A,B:B,B:B,B:B,A:A,A:B,B:B,B:B,A:A,B:B,A:B,A:A,B:B,A:B,A:B,A:A,A:A
13,A:A,A:B,A:B,A:A,B:B,A:B,B:B,A:A,A:B,A:B,B:B,A:B,A:B,A:A,A:A,B:B,A:B,B:B,A:A,A:B
13,A:B,A:B,A:B,A:A,B:B,B:B,B:B,A:A,B:B,A:B,B:B,B:B,B:B,A:A,A:A,B:B,B:B,B:B,A:B,A:B
13,A:A,B:B,A:B,A:A,B:B,B:B,A:B,A:A,B:B,A:B,B:B,A:A,B:B,A:A,A:A,A:B,B:B,A:B,A:A,A:B
13,A:A,B:B,A:B,A:A,B:B,B:B,B:B,A:A,A:B,B:B,B:B,A:B,B:B,A:B,A:A,A:B,A:B,B:B,A:A,A:A
13,A:A,A:B,A:B,A:A,B:B,B:B,B:B,A:A,A:A,A:B,B:B,A:B,B:B,A:A,A:A,A:A,A:B,A:B,A:A,A:B
13,A:B,B:B,A:B,A:A,B:B,A:B,B:B,A:A,A:B,B:B,B:B,A:A,B:B,A:A,A:A,A:B,A:B,A:B,A:A,A:B
13,A:A,A:B,B:B,A:A,B:B,B:B,B:B,A:A,A:B,A:B,B:B,A:A,B:B,A:B,A:A,A:A,A:B,B:B,A:A,A:A
13,A:A,B:B,B:B,A:A,B:B,A:B,A:B,A:A,A:B,B:B,B:B,A:B,B:B,B:B,A:A,A:A,A:B,A:B,A:A,A:B
13,A:A,B:B,A:A,A:B,B:B,A:B,A:B,A:A,A:B,B:B,B:B,A:A,B:B,A:A,A:A,A:B,B:B,B:B,A:A,A:B
13,A:A,B:B,B:B,A:A,B:B,A:B,A:B,A:A,A:B,A:B,B:B,A:A,B:B,A:A,A:A,A:B,A:B,B:B,A:A,A:A
13,A:A,B:B,B:B,A:B,B:B,A:B,B:B,A:A,A:B,B:B,B:B,B:B,B:B,A:B,A:A,A:A,B:B,A:B,A:A,A:B
13,A:A,B:B,B:B,A:A,B:B,B:B,A:A,A:A,B:B,B:B,A:B,A:A,B:B,A:B,A:A,A:B,B:B,A:B,A:A,B:B
13,A:A,B:B,A:A,A:A,B:B,A:B,B:B,A:A,B:B,B:B,B:B,A:B,B:B,A:A,A:A,A:A,A:B,A:B,A:B,A:A
13,A:A,A:B,B:B,A:A,B:B,B:B,A:B,A:A,A:A,B:B,B:B,A:A,B:B,A:A,A:A,A:B,B:B,A:B,A:A,A:A
13,A:A,B:B,B:B,A:A,B:B,A:B,A:A,A:A,A:B,B:B,B:B,A:A,B:B,A:A,A:A,A:B,B:B,B:B,A:A,A:A
13,A:A,B:B,A:B,A:A,B:B,B:B,B:B,A:A,B:B,A:A,B:B,A:A,B:B,A:A,A:A,A:B,B:B,A:B,A:A,A:B
13,A:B,B:B,B:B,A:B,B:B,A:B,A:B,A:A,A:B,A:B,B:B,A:B,B:B,A:A,A:A,A:A,B:B,A:B,A:A,A:A
13,A:B,B:B,A:B,A:A,B:B,B:B,B:B,A:A,A:B,B:B,B:B,B:B,B:B,A:B,A:A,B:B,B:B,B:B,A:A,B:B
13,A:B,A:B,B:B,A:A,B:B,A:B,A:A,A:A,A:B,B:B,B:B,A:A,B:B,A:A,A:A,A:B,B:B,B:B,A:A,B:B
13,A:B,A:B,A:B,A:A,B:B,A:B,A:B,A:A,A:A,A:B,A:B,A:A,B:B,A:A,A:A,B:B,B:B,A:B,A:A,A:B
13,A:B,B:B,B:B,A:A,B:B,B:B,B:B,A:A,A:B,A:B,B:B,A:B,B:B,A:B,A:A,A:B,B:B,A:B,A:A,B:B
13,A:B,B:B,B:B,A:A,B:B,B:B,B:B,A:A,A:B,A:A,B:B,A:B,B:B,B:B,A:A,B:B,A:B,B:B,A:A,A:A
13,A:A,B:B,B:B,A:A,B:B,B:B,B:B,A:A,A:A,A:B,B:B,A:A,B:B,A:A,A:A,A:B,B:B,B:B,A:A,A:B
13,A:A,B:B,B:B,A:A,B:B,B:B,B:B,A:A,A:B,A:B,B:B,A:A,B:B,A:A,A:A,A:B,B:B,B:B,A:A,A:B
13,A:B,B:B,A:B,A:A,B:B,B:B,B:B,A:A,A:B,A:B,B:B,A:A,B:B,A:A,A:A,B:B,A:B,B:B,A:A,A:B
13,A:A,B:B,B:B,A:A,B:B,B:B,B:B,A:A,A:A,A:B,A:B,B:B,B:B,A:B,A:A,B:B,B:B,A:B,A:A,A:A
13,A:B,A:B,B:B,A:A,B:B,B:B,B:B,A:A,B:B,B:B,B:B,A:A,B:B,A:B,A:A,A:A,A:B,A:B,A:A,A:A
13,A:A,B:B,B:B,A:A,B:B,B:B,B:B,A:A,A:B,A:A,B:B,A:A,B:B,A:B,A:A,A:A,A:B,A:A,A:A,A:A
13,A:A,A:B,B:B,A:A,B:B,B:B,A:B,A:A,A:B,B:B,B:B,A:A,B:B,B:B,A:A,A:B,A:B,A:A,A:A,A:B
13,A:A,B:B,A:A,A:A,B:B,B:B,B:B,A:A,A:B,B:B,B:B,A:A,B:B,A:B,A:A,B:B,A:B,A:B,A:A,B:B
13,A:A,A:B,A:B,A:A,B:B,A:B,A:B,A:A,A:A,B:B,A:B,A:A,B:B,A:A,A:A,A:B,B:B,A:B,A:A,A:A
13,A:A,B:B,B:B,A:A,B:B,A:B,B:B,A:A,A:B,B:B,A:B,A:A,B:B,A:A,A:A,B:B,B:B,B:B,A:A,A:A
13,A:B,B:B,B:B,A:A,B:B,A:B,A:B,A:A,A:B,B:B,B:B,A:B,B:B,A:A,A:A,A:A,A:B,A:A,A:A,B:B
13,A:A,A:B,A:B,A:A,B:B,A:B,B:B,A:A,A:B,B:B,B:B,A:A,B:B,A:B,A:A,A:B,B:B,A:A,A:A,A:B
14,A:A,B:B,A:B,A:A,B:B,B:B,A:B,A:A,A:A,B:B,A:B,A:A,B:B,A:A,A:A,A:A,A:B,B:B,A:B,A:B
14,A:A,A:B,A:A,A:A,B:B,B:B,A:B,A:A,A:A,B:B,B:B,A:A,A:B,A:A,A:A,A:B,A:B,A:B,A:B,A:B
14,A:B,A:A,A:A,A:B,B:B,B:B,B:B,A:A,A:B,A:B,A:B,A:A,A:B,A:A,A:B,B:B,A:B,B:B,A:A,B:B
14,A:A,B:B,A:B,A:A,B:B,B:B,B:B,A:A,A:B,B:B,B:B,A:A,A:B,A:A,A:A,A:B,A:B,A:B,A:A,A:B
14,A:A,A:B,A:A,A:A,B:B,A:B,A:B,A:A,B:B,B:B,B:B,A:A,B:B,A:B,A:A,B:B,A:B,B:B,A:B,B:B
14,A:B,A:B,B:B,B:B,B:B,B:B,B:B,A:A,A:B,B:B,B:B,A:A,A:B,A:A,A:A,A:B,A:A,A:B,A:A,B:B
14,A:A,B:B,A:B,A:A,B:B,A:B,B:B,A:A,A:B,A:B,B:B,A:A,B:B,A:B,A:A,B:B,B:B,A:A,A:B,A:A
14,A:B,B:B,B:B,A:A,B:B,A:B,B:B,A:A,A:A,A:B,B:B,A:A,B:B,A:A,A:A,A:B,B:B,A:B,A:B,B:B
14,A:B,B:B,A:B,A:A,B:B,B:B,B:B,A:A,A:B,A:B,B:B,A:B,B:B,A:B,A:A,A:B,A:B,A:A,A:B,B:B
14,A:B,B:B,A:A,A:A,B:B,B:B,B:B,A:A,A:B,A:A,B:B,A:A,A:B,B:B,A:B,B:B,B:B,B:B,A:B,A:A
14,A:B,A:B,A:B,A:A,B:B,B:B,A:B,A:A,A:A,A:A,B:B,A:A,A:B,A:B,A:A,A:B,A:B,A:B,A:B,B:B
14,B:B,B:B,B:B,A:A,B:B,B:B,A:B,A:A,A:A,A:B,B:B,A:A,A:B,A:B,A:A,A:B,A:B,A:B,A:A,B:B
14,A:A,A:B,A:B,A:A,B:B,B:B,B:B,A:A,A:A,B:B,B:B,A:A,B:B,A:B,A:A,A:B,A:B,B:B,A:A,B:B
14,A:A,A:B,A:A,A:B,B:B,B:B,A:B,A:A,B:B,A:B,B:B,A:A,B:B,A:A,A:A,A:B,B:B,A:B,A:B,A:B
14,A:B,A:A,A:B,A:B,B:B,A:B,A:B,A:A,A:A,B:B,A:B,A:A,B:B,A:B,A:A,A:B,B:B,B:B,A:A,B:B
14,A:B,A:A,A:A,A:A,B:B,A:B,A:B,A:A,A:A,B:B,A:A,A:A,B:B,A:A,A:A,A:B,A:B,A:B,A:B,B:B
14,A:A,B:B,B:B,A:A,B:B,B:B,B:B,A:A,B:B,A:B,A:B,A:A,B:B,A:A,A:A,B:B,A:B,B:B,A:A,A:B
14,A:A,A:B,A:B,A:A,B:B,B:B,B:B,A:A,A:B,B:B,A:B,A:A,B:B,A:A,A:A,A:A,B:B,A:B,A:A,B:B
14,A:A,B:B,A:B,A:A,B:B,B:B,B:B,A:A,A:B,A:B,B:B,A:A,B:B,A:A,A:A,A:B,B:B,B:B,A:A,B:B
14,A:A,A:B,A:B,A:A,B:B,B:B,B:B,A:A,A:B,A:B,B:B,A:B,A:B,A:A,A:A,B:B,A:B,A:B,A:A,B:B
14,A:A,A:B,A:B,A:B,B:B,B:B,B:B,A:A,A:A,B:B,A:B,A:A,B:B,A:A,A:A,A:A,B:B,B:B,A:B,A:B
14,A:B,B:B,B:B,A:A,B:B,A:B,A:B,A:A,A:B,B:B,B:B,A:A,B:B,A:B,A:A,A:B,B:B,A:A,A:A,B:B
14,A:B,B:B,A:A,A:B,B:B,A:B,B:B,A:A,A:A,A:B,B:B,A:A,B:B,B:B,A:A,A:B,B:B,B:B,A:B,A:B
14,A:A,A:B,A:A,A:B,B:B,B:B,B:B,A:A,A:A,A:B,A:B,A:A,B:B,A:B,A:A,B:B,B:B,B:B,A:B,A:A
14,A:A,B:B,B:B,A:A,B:B,A:B,B:B,A:A,A:B,B:B,B:B,A:A,A:B,A:A,A:A,A:A,B:B,A:B,A:A,A:B
14,B:B,A:B,A:B,A:A,B:B,A:B,B:B,A:A,A:B,A:B,A:B,A:A,B:B,A:B,A:A,B:B,A:B,A:B,A:A,A:B
14,A:A,A:B,A:B,A:B,B:B,B:B,A:B,A:A,A:B,B:B,B:B,A:A,B:B,A:A,A:A,A:B,A:B,B:B,A:B,A:B
14,A:B,A:B,A:B,A:A,B:B,A:B,A:B,A:A,A:A,A:B,B:B,A:A,B:B,A:B,A:A,A:B,A:B,A:B,A:B,B:B
14,A:B,A:A,A:B,A:B,B:B,A:B,A:B,A:A,A:B,B:B,B:B,A:A,B:B,A:A,A:A,B:B,A:B,A:B,A:A,A:B
14,A:A,B:B,B:B,A:A,B:B,B:B,B:B,A:A,A:B,B:B,B:B,A:A,A:B,A:B,A:A,A:A,A:B,A:B,A:A,B:B
14,A:B,B:B,A:A,A:A,B:B,B:B,A:B,A:A,A:A,A:B,B:B,A:A,B:B,A:B,A:A,A:B,B:B,A:B,A:B,B:B
14,A:A,B:B,A:B,A:A,B:B,B:B,B:B,A:A,B:B,A:B,B:B,A:B,B:B,A:B,A:A,B:B,B:B,B:B,A:B,A:B
14,A:B,A:A,B:B,A:A,B:B,B:B,B:B,A:A,A:B,A:B,B:B,A:A,B:B,A:B,A:A,B:B,B:B,B:B,A:A,A:B
14,A:B,B:B,B:B,A:A,B:B,A:B,A:B,A:A,A:B,A:B,A:B,A:A,A:B,A:B,A:A,A:B,A:A,A:B,A:B,B:B
14,A:A,B:B,A:B,A:A,B:B,A:B,B:B,A:A,A:B,A:B,A:B,A:A,B:B,A:B,A:B,A:B,A:A,B:B,A:B,A:A
14,A:A,B:B,A:B,A:A,B:B,A:B,B:B,A:A,B:B,A:B,B:B,A:B,B:B,A:A,A:A,B:B,B:B,A:B,B:B,A:B
14,A:B,A:A,A:B,A:A,B:B,B:B,B:B,A:A,B:B,A:B,A:B,A:A,B:B,A:B,A:A,A:B,B:B,B:B,A:A,B:B
14,A:A,A:B,B:B,A:A,B:B,B:B,A:B,A:A,A:B,B:B,B:B,A:A,B:B,A:B,A:B,A:A,A:B,B:B,A:B,B:B
14,B:B,B:B,B:B,A:A,B:B,A:A,B:B,A:A,A:B,A:B,B:B,A:A,B:B,A:A,A:A,B:B,A:B,B:B,A:B,A:B
14,A:B,A:B,A:B,A:A,B:B,B:B,B:B,A:A,A:B,B:B,B:B,A:A,B:B,A:A,A:B,A:B,B:B,B:B,A:A,A:A
14,A:A,A:B,A:B,A:A,B:B,A:B,B:B,A:A,A:A,A:A,B:B,A:A,B:B,A:B,A:B,B:B,A:B,B:B,A:B,B:B
14,A:B,B:B,A:B,A:A,B:B,A:B,B:B,A:A,A:B,B:B,B:B,A:A,B:B,A:A,A:A,B:B,A:B,A:A,A:A,A:B
14,A:B,A:B,B:B,A:A,B:B,B:B,B:B,A:A,A:B,B:B,B:B,A:A,B:B,A:B,A:A,A:B,A:B,A:B,A:B,A:A
14,A:B,A:B,A:A,A:A,B:B,B:B,B:B,A:A,A:A,B:B,B:B,A:A,B:B,A:B,A:A,A:A,A:A,B:B,A:A,A:B
14,A:A,A:B,A:A,A:A,B:B,A:B,A:B,A:A,A:A,A:B,A:B,A:A,B:B,A:B,A:A,A:A,B:B,A:B,A:A,B:B
14,A:A,B:B,A:B,A:A,B:B,A:A,B:B,A:A,A:A,B:B,B:B,A:A,A:B,A:A,A:B,A:A,A:B,A:B,A:B,A:B
14,A:B,A:B,A:B,A:A,B:B,B:B,B:B,A:A,A:A,B:B,B:B,A:A,B:B,A:B,A:A,A:A,A:B,A:B,B:B,B:B
14,A:B,A:B,A:B,A:A,B:B,A:B,B:B,A:A,A:A,A:B,B:B,A:A,B:B,A:B,A:A,A:A,A:B,A:B,A:B,B:B
14,A:B,B:B,B:B,A:A,B:B,A:B,B:B,A:A,A:A,B:B,B:B,A:A,B:B,A:A,A:A,A:B,B:B,B:B,A:A,A:B
14,A:B,B:B,A:B,A:B,B:B,B:B,B:B,A:A,A:A,A:B,A:B,A:A,B:B,A:A,A:B,B:B,B:B,A:B,A:B,B:B
14,A:B,A:B,A:A,A:A,B:B,B:B,B:B,A:A,A:A,A:B,B:B,A:A,B:B,A:A,A:A,B:B,B:B,B:B,A:A,B:B
14,A:B,B:B,A:B,A:A,B:B,B:B,B:B,A:A,B:B,A:B,B:B,A:B,B:B,A:B,A:A,A:B,A:B,A:B,A:A,B:B
14,A:A,B:B,A:B,A:B,B:B,B:B,B:B,A:A,A:B,B:B,B:B,A:A,B:B,A:A,A:A,A:B,B:B,B:B,A:A,A:B
14,A:A,A:A,A:B,A:A,B:B,A:B,B:B,A:A,A:B,B:B,B:B,A:A,A:B,B:B,A:A,A:B,A:B,A:B,A:A,B:B
14,A:B,A:B,A:B,A:A,B:B,B:B,B:B,A:A,A:B,B:B,B:B,A:A,B:B,B:B,A:B,A:A,A:B,A:B,A:B,B:B
14,A:A,B:B,A:A,A:A,B:B,A:B,B:B,A:A,A:B,B:B,B:B,A:A,B:B,A:B,A:B,A:B,A:B,A:A,B:B,A:B
14,A:A,A:B,A:B,A:A,B:B,A:A,B:B,A:A,B:B,B:B,B:B,A:A,B:B,B:B,A:A,B:B,B:B,B:B,A:A,B:B
14,A:B,A:B,A:A,A:A,B:B,B:B,B:B,A:A,B:B,A:A,A:B,A:A,A:B,A:A,A:A,A:B,B:B,B:B,A:B,A:B
14,B:B,A:B,A:B,A:A,B:B,B:B,B:B,A:A,A:B,B:B,B:B,A:A,B:B,A:A,A:A,B:B,B:B,B:B,A:A,A:B
14,B:B,A:B,B:B,A:A,B:B,B:B,A:B,A:A,A:B,B:B,B:B,A:A,A:B,A:A,A:B,B:B,B:B,B:B,A:A,B:B
14,A:A,A:B,B:B,A:A,B:B,A:B,B:B,A:A,A:B,A:B,B:B,A:A,B:B,A:A,A:A,A:B,A:B,B:B,B:B,A:B
14,A:A,A:A,A:B,A:A,B:B,B:B,B:B,A:A,A:A,A:B,B:B,A:B,B:B,A:A,A:A,B:B,B:B,B:B,A:B,A:B
14,A:B,B:B,A:B,A:A,B:B,B:B,A:A,A:A,A:B,A:A,B:B,A:A,A:B,A:B,A:B,A:B,B:B,B:B,A:A,B:B
14,A:B,B:B,A:B,A:A,B:B,B:B,A:B,A:A,B:B,B:B,B:B,A:A,B:B,A:B,A:A,A:B,B:B,B:B,B:B,B:B
14,A:B,B:B,A:A,A:A,B:B,B:B,B:B,A:A,A:A,B:B,B:B,A:A,A:B,A:A,A:A,A:A,A:B,B:B,B:B,A:A
14,A:A,A:A,A:A,A:A,B:B,B:B,B:B,A:A,A:A,A:A,B:B,A:B,B:B,A:B,A:B,B:B,B:B,A:B,A:B,B:B
14,A:A,B:B,A:A,A:B,B:B,B:B,B:B,A:A,A:A,A:B,B:B,A:A,B:B,B:B,A:A,A:B,B:B,A:B,A:B,B:B
14,A:A,A:B,A:B,A:A,B:B,B:B,B:B,A:A,A:A,B:B,A:B,A:A,B:B,A:A,A:A,A:A,A:B,A:B,B:B,B:B
14,A:B,A:B,A:B,A:A,B:B,A:A,B:B,A:A,A:A,B:B,B:B,A:A,B:B,A:A,A:B,A:A,A:B,B:B,A:A,A:B
14,A:A,B:B,A:A,A:A,B:B,B:B,B:B,A:A,A:A,B:B,B:B,A:A,A:B,B:B,A:B,A:A,A:B,B:B,A:B,B:B
14,A:B,A:A,B:B,A:A,B:B,B:B,B:B,A:A,A:B,B:B,B:B,A:A,B:B,A:B,A:A,B:B,A:B,A:B,A:A,A:B
14,A:B,A:B,A:A,A:A,B:B,B:B,B:B,A:A,A:B,A:B,B:B,A:A,B:B,A:B,A:A,A:B,B:B,A:B,A:B,B:B
14,A:B,B:B,B:B,A:A,B:B,A:B,B:B,A:A,A:B,A:B,A:B,A:A,B:B,B:B,A:A,A:B,A:B,A:B,A:A,B:B
14,A:A,A:B,B:B,A:A,B:B,B:B,A:B,A:A,B:B,A:B,B:B,A:A,A:B,A:A,A:A,A:B,A:B,A:A,A:A,A:B
14,A:A,A:A,A:B,A:A,B:B,B:B,B:B,A:A,A:B,B:B,B:B,A:A,B:B,A:B,A:B,A:B,A:B,B:B,A:A,A:A
14,A:B,B:B,A:A,A:B,B:B,B:B,B:B,A:A,A:B,A:B,B:B,A:A,B:B,A:A,A:A,B:B,B:B,A:A,B:B,A:A
14,A:A,A:B,A:B,A:B,B:B,B:B,A:A,A:A,A:B,B:B,B:B,A:A,B:B,A:A,A:A,A:A,B:B,B:B,A:A,A:B
14,A:B,B:B,A:B,A:A,B:B,B:B,B:B,A:A,A:A,B:B,B:B,A:A,B:B,A:A,A:A,B:B,B:B,A:B,B:B,A:B
14,A:B,B:B,A:B,A:A,B:B,B:B,B:B,A:A,A:A,A:B,B:B,A:A,B:B,A:A,A:A,A:B,B:B,A:B,A:A,A:B
14,A:A,A:B,A:B,A:A,B:B,A:B,B:B,A:A,A:B,B:B,B:B,A:A,B:B,A:B,A:A,A:B,A:B,B:B,A:B,A:A
14,A:B,B:B,A:B,A:A,B:B,B:B,B:B,A:A,A:A,A:A,A:B,A:A,B:B,A:A,A:B,B:B,B:B,B:B,A:A,A:A
14,A:A,A:B,B:B,A:A,B:B,A:B,B:B,A:A,A:B,A:B,B:B,A:B,B:B,A:B,A:A,A:B,A:B,A:B,A:A,B:B
14,A:A,A:B,A:B,A:B,B:B,B:B,B:B,A:A,A:A,A:A,B:B,A:B,A:A,A:A,A:B,B:B,A:A,A:B,A:A,B:B
14,B:B,A:B,B:B,A:A,B:B,B:B,A:B,A:A,A:A,B:B,B:B,A:A,B:B,A:B,A:B,B:B,B:B,B:B,A:B,A:B
14,A:B,A:B,A:B,A:B,B:B,B:B,A:B,A:A,A:B,B:B,B:B,A:A,B:B,A:A,A:A,A:B,A:B,B:B,A:A,A:B
14,A:B,B:B,B:B,A:A,B:B,A:B,A:A,A:A,B:B,B:B,B:B,A:A,B:B,A:A,A:A,A:B,B:B,B:B,A:B,B:B
14,A:A,B:B,A:B,A:A,B:B,A:A,B:B,A:A,A:B,B:B,B:B,A:A,B:B,A:A,A:B,B:B,A:B,B:B,A:B,A:B
14,A:B,B:B,B:B,A:A,B:B,A:B,B:B,A:A,B:B,B:B,B:B,A:B,B:B,A:A,A:A,A:B,B:B,A:B,A:A,A:B
14,A:B,B:B,A:B,A:A,B:B,A:B,A:B,A:A,A:A,B:B,B:B,A:A,B:B,A:A,A:A,B:B,A:B,A:B,A:B,A:B
14,A:B,A:B,B:B,A:A,B:B,B:B,B:B,A:A,A:B,A:B,B:B,A:A,B:B,A:A,A:A,A:B,B:B,B:B,A:B,B:B
14,A:A,A:B,B:B,A:A,B:B,A:B,A:B,A:A,B:B,A:B,A:B,A:A,B:B,A:A,A:A,B:B,B:B,A:B,A:B,B:B
14,A:A,A:B,B:B,A:A,B:B,A:B,B:B,A:A,A:A,A:B,B:B,A:B,B:B,A:B,A:A,A:B,B:B,A:B,A:A,A:B
14,A:A,A:B,A:B,A:A,B:B,B:B,B:B,A:A,A:A,A:B,B:B,A:A,B:B,A:B,A:A,A:B,A:B,A:B,B:B,B:B
14,A:A,A:B,B:B,A:A,B:B,B:B,B:B,A:A,A:B,B:B,B:B,A:A,B:B,A:A,A:B,A:B,B:B,B:B,A:A,B:B
14,A:B,A:A,A:B,A:A,B:B,B:B,B:B,A:A,A:A,B:B,B:B,A:A,A:B,A:A,A:B,A:B,A:B,B:B,B:B,A:A
14,A:A,A:B,A:B,A:A,B:B,A:B,A:B,A:A,A:A,B:B,A:B,A:A,B:B,A:B,A:A,A:B,A:B,B:B,A:A,B:B
14,A:B,B:B,A:B,A:A,B:B,B:B,B:B,A:A,A:A,A:A,B:B,A:A,B:B,A:B,A:A,A:B,B:B,B:B,B:B,A:B
14,A:B,B:B,A:B,A:B,B:B,B:B,A:B,A:A,A:A,B:B,B:B,A:A,B:B,A:B,A:A,A:B,B:B,B:B,A:A,A:B
14,A:A,B:B,A:B,A:A,B:B,B:B,B:B,A:A,B:B,B:B,B:B,A:A,A:B,A:A,A:B,A:B,A:A,A:A,A:B,B:B
14,A:B,B:B,B:B,A:A,B:B,B:B,A:B,A:A,A:B,B:B,A:B,A:A,B:B,A:A,A:A,A:A,A:A,A:B,A:A,B:B
15,A:A,B:B,B:B,A:B,B:B,B:B,B:B,A:A,A:A,B:B,B:B,A:A,B:B,A:A,A:A,B:B,B:B,B:B,A:B,A:B
15,A:B,A:B,A:B,A:A,B:B,B:B,B:B,A:A,A:A,A:A,B:B,A:A,B:B,A:B,A:A,A:B,B:B,A:B,A:A,A:B
15,A:B,A:B,A:B,A:B,A:B,B:B,B:B,A:A,A:A,B:B,A:B,A:A,A:B,A:B,A:B,A:B,B:B,B:B,A:B,A:B
15,A:B,B:B,A:B,A:A,B:B,B:B,B:B,A:A,A:B,A:B,A:B,A:A,A:B,A:A,A:B,A:B,A:B,B:B,A:A,A:A
15,B:B,A:A,A:B,A:A,B:B,B:B,B:B,A:A,A:B,A:B,B:B,A:A,B:B,A:A,A:A,B:B,A:A,B:B,A:A,A:B
15,A:B,A:B,A:B,A:A,B:B,B:B,B:B,A:A,A:A,B:B,B:B,A:A,B:B,A:A,A:B,A:B,B:B,B:B,B:B,A:A
15,B:B,B:B,B:B,A:A,B:B,B:B,B:B,A:A,B:B,A:B,A:B,A:A,B:B,A:A,A:A,B:B,B:B,B:B,A:A,A:A
15,B:B,A:B,B:B,A:B,B:B,B:B,A:B,A:A,A:B,A:B,B:B,A:A,B:B,A:A,A:A,A:B,B:B,B:B,A:B,A:B
15,A:B,B:B,A:B,A:B,A:B,B:B,B:B,A:A,A:B,B:B,B:B,A:A,B:B,A:B,A:B,A:B,B:B,A:B,A:A,A:B
15,A:B,B:B,B:B,A:B,B:B,B:B,B:B,A:A,A:A,A:B,A:B,A:A,B:B,A:B,A:B,B:B,B:B,B:B,B:B,A:A
15,A:B,B:B,A:B,A:A,A:B,B:B,B:B,A:A,A:B,A:B,A:B,A:A,B:B,A:A,B:B,B:B,A:B,B:B,A:A,A:B
15,A:A,B:B,A:B,A:B,B:B,B:B,A:B,A:A,A:A,B:B,A:B,A:A,B:B,A:A,A:B,A:A,A:B,B:B,B:B,A:B
15,B:B,A:A,A:B,A:B,B:B,B:B,B:B,A:A,A:B,B:B,B:B,A:A,B:B,A:A,A:B,A:A,B:B,B:B,A:B,A:B
15,A:B,A:B,A:A,A:A,B:B,B:B,B:B,A:A,A:B,B:B,A:A,A:A,B:B,A:A,A:A,B:B,B:B,B:B,A:B,B:B
15,A:B,A:B,A:B,A:A,A:B,B:B,A:B,A:A,A:A,B:B,B:B,A:A,B:B,A:B,A:B,B:B,B:B,B:B,A:A,A:A
15,B:B,B:B,A:A,A:B,B:B,B:B,A:B,A:A,A:A,A:A,B:B,A:A,B:B,A:A,A:A,B:B,A:A,B:B,A:A,A:A
15,B:B,B:B,A:B,B:B,B:B,B:B,B:B,A:A,A:A,A:B,A:B,A:A,B:B,A:A,A:A,A:B,B:B,B:B,A:A,B:B
15,A:B,A:A,B:B,B:B,A:B,B:B,A:B,A:A,A:A,A:B,B:B,A:A,B:B,A:B,B:B,A:B,A:B,B:B,A:A,A:B
15,B:B,A:B,A:A,A:A,B:B,B:B,B:B,A:A,A:A,B:B,A:B,A:A,B:B,A:A,A:B,B:B,B:B,A:B,A:B,A:B
15,B:B,A:B,A:B,A:B,B:B,B:B,B:B,A:A,A:A,A:B,B:B,A:A,B:B,A:A,A:B,A:A,B:B,B:B,A:B,A:B
15,A:B,A:A,A:B,A:B,B:B,B:B,B:B,A:A,A:B,B:B,A:B,A:A,B:B,A:A,A:A,B:B,A:B,B:B,A:A,A:A
15,A:A,A:A,B:B,A:A,B:B,B:B,A:B,A:A,A:B,A:B,A:B,A:A,B:B,A:A,A:B,A:B,B:B,B:B,A:B,A:B
15,A:B,A:B,B:B,A:B,B:B,A:B,B:B,A:A,A:A,B:B,A:B,A:A,B:B,A:A,A:A,B:B,B:B,B:B,A:A,A:B
15,B:B,A:A,A:B,A:B,A:B,B:B,B:B,A:A,A:B,A:B,B:B,A:A,B:B,A:B,A:A,A:A,B:B,B:B,A:A,A:A
15,A:B,A:B,A:B,A:B,B:B,B:B,B:B,A:A,A:A,A:B,B:B,A:A,B:B,A:A,A:A,B:B,B:B,B:B,A:B,A:B
15,A:A,B:B,B:B,A:A,A:B,B:B,B:B,A:A,A:A,B:B,B:B,A:A,B:B,A:A,A:A,A:B,B:B,B:B,A:A,A:A
15,B:B,A:B,B:B,A:B,A:B,B:B,B:B,A:A,A:A,B:B,A:B,A:A,A:B,A:A,A:B,B:B,B:B,B:B,A:B,A:A
15,B:B,B:B,A:B,A:A,B:B,B:B,A:B,A:A,A:B,B:B,B:B,A:A,B:B,A:A,A:A,A:B,A:A,B:B,A:B,A:A
15,B:B,B:B,A:B,A:A,B:B,A:B,B:B,A:A,A:B,B:B,A:B,A:A,B:B,A:A,A:A,A:B,B:B,B:B,A:B,A:A
15,A:B,B:B,A:B,A:A,B:B,B:B,B:B,A:A,A:B,B:B,A:B,A:A,B:B,A:A,A:B,A:B,A:B,B:B,B:B,A:A
15,B:B,B:B,A:B,A:A,B:B,B:B,B:B,A:A,A:A,A:B,B:B,A:A,B:B,A:B,A:B,B:B,A:A,A:B,A:A,A:B
15,A:B,A:B,A:A,A:A,A:B,B:B,B:B,A:A,B:B,A:B,A:A,A:A,B:B,A:A,B:B,B:B,A:B,B:B,A:A,A:B
15,A:B,B:B,A:B,A:A,B:B,B:B,B:B,A:A,A:A,B:B,B:B,A:A,B:B,A:B,A:A,A:B,B:B,B:B,A:B,A:A
15,B:B,A:A,A:B,A:A,A:B,B:B,B:B,A:A,A:B,B:B,A:B,A:A,B:B,A:A,A:A,B:B,A:B,B:B,A:B,A:A
15,A:A,A:B,A:B,A:B,A:B,B:B,B:B,A:A,A:A,B:B,A:B,A:A,B:B,A:B,A:A,B:B,A:B,B:B,B:B,A:A
15,A:B,A:B,A:A,A:A,B:B,B:B,B:B,A:A,A:A,B:B,A:A,A:A,A:A,B:B,A:A,B:B,B:B,A:B,A:B,A:A
15,A:B,B:B,A:A,A:A,A:B,B:B,B:B,A:A,A:B,B:B,B:B,A:A,B:B,A:B,A:B,B:B,A:B,B:B,A:A,A:A
15,B:B,A:A,B:B,A:A,B:B,B:B,B:B,A:A,A:A,A:A,B:B,A:A,B:B,A:A,A:A,B:B,B:B,B:B,A:A,A:B
15,B:B,B:B,B:B,A:B,B:B,B:B,B:B,A:A,A:B,B:B,B:B,A:A,A:B,A:B,A:A,A:B,B:B,B:B,A:A,A:A
15,A:B,A:B,A:A,A:B,B:B,A:B,B:B,A:A,A:A,A:B,A:B,A:A,B:B,A:A,A:A,A:B,B:B,B:B,A:A,A:B
15,B:B,A:A,A:A,A:A,B:B,B:B,B:B,A:A,B:B,B:B,B:B,A:A,B:B,A:B,A:B,A:B,A:A,B:B,A:B,A:A
15,A:B,A:B,A:B,B:B,B:B,B:B,B:B,A:A,A:A,B:B,B:B,A:A,A:B,A:A,A:B,A:B,A:B,B:B,A:A,A:B
15,A:B,A:A,A:B,B:B,B:B,B:B,B:B,A:A,A:A,B:B,B:B,A:A,B:B,A:A,B:B,A:B,B:B,B:B,A:B,A:A
15,B:B,A:A,B:B,A:A,B:B,B:B,A:B,A:A,A:B,B:B,B:B,A:A,B:B,A:A,A:A,B:B,A:B,B:B,A:B,A:A
15,A:B,A:B,A:B,A:A,B:B,B:B,B:B,A:A,A:A,B:B,A:B,A:A,A:B,A:A,A:B,A:B,A:B,B:B,A:A,A:B
15,B:B,A:B,A:A,A:A,A:B,B:B,B:B,A:A,A:A,B:B,A:B,A:A,B:B,A:A,A:A,B:B,A:B,B:B,A:A,A:A
15,A:B,A:B,A:B,A:A,B:B,A:B,B:B,A:A,A:B,A:B,A:B,A:A,B:B,A:B,A:B,B:B,B:B,B:B,A:A,A:A
15,A:B,A:B,A:B,A:A,B:B,B:B,B:B,A:A,A:B,A:B,B:B,A:A,B:B,A:A,A:A,A:B,B:B,B:B,A:B,A:A
15,B:B,A:B,A:B,A:B,B:B,B:B,B:B,A:A,A:A,B:B,B:B,A:A,A:B,A:A,A:A,A:B,B:B,A:B,B:B,A:B
15,B:B,A:A,A:A,A:B,B:B,B:B,B:B,A:A,A:A,B:B,B:B,A:A,B:B,A:A,A:A,B:B,B:B,B:B,A:A,A:A
15,A:A,A:A,A:B,A:A,A:B,B:B,B:B,A:A,A:A,A:A,B:B,A:A,A:B,A:A,A:A,B:B,A:B,B:B,A:B,A:A
15,B:B,A:A,A:B,B:B,B:B,B:B,B:B,A:A,A:B,B:B,A:B,A:A,A:B,A:B,A:B,B:B,B:B,A:B,A:A,A:A
15,B:B,A:A,B:B,A:A,B:B,B:B,B:B,A:A,A:A,B:B,A:A,A:A,B:B,A:A,A:A,B:B,A:A,B:B,A:A,A:B
15,B:B,A:B,A:A,A:A,B:B,B:B,B:B,A:A,A:A,A:A,B:B,A:A,B:B,A:A,A:B,A:B,A:B,B:B,A:B,A:B
15,A:B,A:B,A:B,A:B,A:B,B:B,B:B,A:A,A:A,B:B,A:B,A:A,B:B,A:B,A:A,A:B,A:B,B:B,A:B,A:A
15,B:B,A:A,B:B,A:B,B:B,B:B,B:B,A:A,A:A,B:B,B:B,A:A,B:B,A:A,A:A,A:A,B:B,B:B,A:A,B:B
15,B:B,A:A,B:B,A:B,B:B,B:B,B:B,A:A,A:A,B:B,B:B,A:A,B:B,A:A,A:A,B:B,A:B,B:B,A:A,A:A
15,A:B,A:B,A:B,A:B,B:B,B:B,A:B,A:A,A:B,B:B,B:B,A:A,B:B,A:B,A:A,A:B,A:B,B:B,B:B,A:A
15,A:B,A:A,A:B,A:B,B:B,B:B,B:B,A:A,A:B,A:A,A:B,A:A,B:B,A:A,A:A,A:B,B:B,B:B,A:A,A:A
15,A:B,B:B,B:B,A:A,B:B,B:B,B:B,A:A,B:B,A:B,A:A,A:A,B:B,A:A,A:B,A:B,A:B,B:B,A:A,A:A
15,B:B,B:B,B:B,A:B,B:B,B:B,B:B,A:A,A:A,A:B,B:B,A:A,B:B,A:B,A:A,A:B,B:B,B:B,A:A,A:A
15,A:B,B:B,A:B,A:A,B:B,B:B,B:B,A:A,A:B,B:B,B:B,A:A,B:B,A:A,A:A,A:B,B:B,B:B,A:A,A:A
15,A:B,A:B,A:B,A:B,B:B,B:B,B:B,A:A,A:B,A:B,B:B,A:A,B:B,A:A,A:B,B:B,B:B,B:B,A:A,A:A
15,A:B,A:A,A:B,A:A,B:B,B:B,A:B,A:A,A:A,B:B,B:B,A:A,B:B,A:A,A:B,B:B,B:B,B:B,A:B,A:A
15,A:B,A:A,A:A,B:B,B:B,B:B,B:B,A:A,A:B,B:B,A:B,A:A,B:B,A:A,A:A,B:B,A:B,B:B,A:A,B:B
15,A:B,A:B,B:B,B:B,B:B,B:B,B:B,A:A,A:A,B:B,A:A,A:A,B:B,A:A,A:A,B:B,B:B,B:B,B:B,A:A
15,A:A,A:B,A:B,A:B,B:B,B:B,B:B,A:A,A:A,A:B,A:B,A:A,B:B,A:A,A:A,B:B,B:B,B:B,A:B,A:A
15,B:B,A:B,A:B,A:B,B:B,B:B,B:B,A:A,A:B,B:B,A:B,A:A,B:B,A:A,A:B,B:B,B:B,B:B,A:B,A:A
15,A:B,A:B,A:B,B:B,B:B,B:B,B:B,A:A,A:B,B:B,A:A,A:A,B:B,A:A,A:A,B:B,A:B,B:B,A:A,A:B
15,B:B,A:A,A:B,A:B,B:B,B:B,B:B,A:A,A:A,A:B,B:B,A:A,A:B,A:B,A:B,A:B,B:B,A:B,A:B,A:A
15,A:A,A:A,A:B,A:A,A:A,B:B,A:B,A:A,A:A,B:B,B:B,A:A,B:B,A:B,A:A,A:B,B:B,B:B,A:B,A:A
15,A:B,A:B,A:B,B:B,B:B,B:B,B:B,A:A,A:A,A:A,A:B,A:A,B:B,A:A,A:A,B:B,B:B,B:B,A:A,A:B
15,A:A,A:A,A:B,A:A,B:B,B:B,A:B,A:A,A:A,B:B,A:B,A:A,B:B,A:A,A:B,A:B,A:B,B:B,A:A,A:B
15,A:B,A:A,B:B,A:A,B:B,B:B,B:B,A:A,A:A,A:B,A:B,A:A,B:B,A:A,A:B,B:B,A:B,B:B,A:A,A:B
15,A:B,A:B,A:A,A:A,B:B,A:B,B:B,A:A,A:B,B:B,B:B,A:A,B:B,A:B,B:B,B:B,B:B,B:B,A:A,B:B
15,A:B,A:B,A:A,A:A,B:B,B:B,B:B,A:A,A:A,B:B,B:B,A:A,B:B,A:A,A:B,B:B,B:B,B:B,A:A,A:A
15,B:B,A:B,A:B,A:B,B:B,B:B,B:B,A:A,A:A,B:B,A:B,A:A,B:B,A:B,A:B,A:B,A:A,B:B,A:A,A:B
15,A:B,A:B,A:A,A:A,B:B,B:B,B:B,A:A,A:A,A:B,A:B,A:A,B:B,A:A,A:A,B:B,A:B,B:B,A:B,A:B
15,A:B,A:B,A:B,A:A,A:B,B:B,B:B,A:A,A:B,B:B,A:B,A:A,B:B,A:A,B:B,B:B,A:B,B:B,A:A,A:A
15,B:B,B:B,B:B,A:A,B:B,B:B,A:B,A:A,A:A,B:B,B:B,A:A,B:B,A:A,A:B,A:B,B:B,B:B,B:B,A:B
15,A:B,A:A,A:A,A:A,B:B,B:B,A:B,A:A,A:A,B:B,B:B,A:A,B:B,A:A,A:A,B:B,B:B,A:B,A:B,A:A
15,A:B,A:B,A:B,B:B,B:B,B:B,B:B,A:A,A:A,B:B,B:B,A:A,B:B,A:A,A:A,B:B,B:B,A:B,A:B,A:A
15,B:B,B:B,A:B,A:B,B:B,B:B,B:B,A:A,A:A,A:B,B:B,A:A,B:B,A:A,A:A,B:B,A:B,B:B,A:A,A:B
15,A:B,A:B,B:B,A:B,B:B,A:B,A:B,A:A,A:A,A:B,B:B,A:A,B:B,A:A,A:A,B:B,B:B,B:B,A:A,A:A
15,B:B,B:B,A:B,A:A,B:B,A:B,B:B,A:A,A:A,A:A,A:B,A:A,B:B,A:B,A:B,A:B,B:B,B:B,A:B,A:A
15,B:B,A:A,A:B,A:A,B:B,B:B,B:B,A:A,A:A,A:B,A:B,A:A,B:B,A:A,A:A,A:A,B:B,B:B,A:A,A:B
15,A:B,A:B,B:B,A:B,B:B,B:B,A:B,A:A,A:B,A:B,B:B,A:A,B:B,A:A,A:A,B:B,B:B,B:B,B:B,A:A
15,B:B,A:B,B:B,A:A,B:B,B:B,B:B,A:A,A:A,B:B,B:B,A:A,B:B,A:B,A:A,B:B,A:B,B:B,A:A,A:A
15,A:B,B:B,A:A,A:A,A:B,B:B,B:B,A:A,A:A,B:B,A:B,A:A,B:B,A:B,A:A,B:B,B:B,B:B,A:B,A:A
15,A:A,B:B,A:B,A:B,B:B,B:B,B:B,A:A,A:A,A:B,A:B,A:A,B:B,A:A,B:B,A:B,A:A,B:B,A:A,A:B
15,A:B,B:B,A:B,A:A,B:B,B:B,B:B,A:A,A:A,B:B,B:B,A:A,A:B,A:A,B:B,B:B,A:B,B:B,A:A,A:A
15,A:A,B:B,A:B,A:A,B:B,B:B,B:B,A:A,A:B,B:B,A:B,A:A,B:B,A:B,A:B,A:B,A:B,B:B,A:B,A:B
15,B:B,A:B,A:B,A:A,B:B,B:B,A:B,A:A,B:B,B:B,B:B,A:A,B:B,A:A,A:A,A:B,B:B,B:B,A:B,A:B
15,A:B,A:A,A:B,A:B,B:B,B:B,B:B,A:A,A:B,B:B,A:B,A:A,B:B,A:A,A:B,B:B,B:B,B:B,B:B,A:A
15,A:B,A:B,A:B,A:A,B:B,B:B,A:B,A:A,A:B,B:B,A:B,A:A,B:B,A:B,A:A,A:B,A:B,B:B,A:A,A:A
15,A:B,A:B,A:B,A:A,B:B,B:B,B:B,A:A,A:B,B:B,A:B,A:A,B:B,A:A,A:B,A:B,B:B,B:B,A:A,A:A
15,B:B,B:B,B:B,A:A,B:B,A:B,A:B,A:A,A:B,A:B,B:B,A:A,B:B,A:A,A:B,B:B,B:B,B:B,A:A,A:A
15,B:B,A:A,A:B,A:B,B:B,B:B,B:B,A:A,A:A,B:B,A:A,A:A,B:B,A:B,A:B,B:B,A:B,B:B,A:B,A:A
15,B:B,A:B,B:B,A:A,B:B,B:B,A:B,A:A,A:B,A:B,B:B,A:A,B:B,A:A,A:B,B:B,B:B,B:B,A:B,A:A
15,B:B,A:B,B:B,A:B,B:B,B:B,B:B,A:A,A:A,B:B,B:B,A:A,B:B,A:A,A:A,A:B,A:A,B:B,B:B,A:B
16,A:B,B:B,A:B,A:A,B:B,B:B,A:B,A:A,B:B,B:B,A:B,A:A,A:B,A:B,A:B,A:B,A:A,B:B,A:A,A:B
16,B:B,A:B,A:B,A:A,B:B,B:B,B:B,A:A,A:A,B:B,A:A,A:A,A:B,A:A,A:B,A:B,A:B,B:B,A:B,A:A
16,A:A,B:B,A:A,A:B,B:B,B:B,A:B,A:B,A:A,B:B,A:B,A:A,B:B,A:A,A:B,B:B,A:B,B:B,A:B,A:A
16,A:B,A:B,A:B,A:B,B:B,A:B,A:B,A:A,A:A,B:B,A:B,A:A,B:B,A:B,A:A,A:B,B:B,B:B,A:A,A:B
16,A:B,A:B,A:B,A:A,B:B,B:B,B:B,A:A,A:A,A:B,A:A,A:A,A:A,A:A,A:B,A:B,A:B,B:B,B:B,B:B
16,A:B,A:B,A:A,A:A,B:B,B:B,B:B,A:A,A:A,B:B,B:B,A:A,A:B,A:A,A:B,A:A,A:A,B:B,A:B,A:A
16,A:A,A:B,A:A,B:B,B:B,A:B,A:B,A:A,A:A,A:B,B:B,A:A,B:B,A:A,A:A,A:B,A:A,B:B,A:B,A:A
16,A:A,A:B,A:B,A:A,B:B,B:B,A:B,A:A,A:B,B:B,A:B,A:A,A:B,A:A,A:B,A:A,B:B,B:B,A:A,B:B
16,A:B,A:B,A:A,A:A,B:B,B:B,B:B,A:A,A:A,B:B,A:B,A:A,B:B,A:A,A:A,B:B,A:B,B:B,B:B,A:A
16,A:A,B:B,A:A,A:B,B:B,B:B,A:B,A:A,A:B,A:B,A:A,A:A,B:B,B:B,B:B,A:B,A:A,B:B,A:B,A:B
16,A:A,A:B,A:A,A:B,B:B,B:B,A:B,A:A,A:A,A:B,B:B,A:A,A:B,A:A,A:A,A:B,A:A,B:B,A:B,B:B
16,A:A,A:B,A:A,A:A,B:B,B:B,A:B,A:A,A:B,B:B,A:B,A:A,A:B,A:A,A:A,A:A,A:A,B:B,A:B,A:B
16,A:B,A:B,A:A,A:B,B:B,B:B,A:B,A:A,A:B,B:B,A:B,A:A,A:B,A:B,A:A,B:B,A:A,B:B,A:B,A:B
16,A:A,A:B,A:B,A:A,B:B,B:B,B:B,A:A,A:A,B:B,A:B,A:A,B:B,A:B,A:B,A:A,A:A,B:B,A:B,A:A
16,A:B,A:B,A:B,A:A,B:B,B:B,B:B,A:A,A:B,B:B,A:B,A:A,A:B,A:A,A:B,B:B,B:B,B:B,A:B,A:A
16,A:A,B:B,A:A,B:B,B:B,B:B,A:B,A:A,A:A,B:B,B:B,A:A,A:B,A:A,A:A,A:A,B:B,B:B,A:B,A:A
16,A:A,A:B,A:A,A:B,A:B,B:B,B:B,A:A,A:B,B:B,A:A,A:A,B:B,A:B,A:A,A:B,A:A,B:B,A:B,B:B
16,A:A,A:A,A:A,A:B,B:B,B:B,A:B,A:A,A:A,B:B,B:B,A:A,A:B,A:A,A:A,A:A,A:A,B:B,A:B,A:B
16,A:B,A:A,A:A,A:A,B:B,B:B,B:B,A:A,B:B,B:B,A:B,A:A,A:A,A:B,A:A,A:B,A:B,B:B,B:B,A:B
16,A:A,A:B,A:A,A:B,B:B,B:B,A:B,A:A,A:B,B:B,A:A,A:A,B:B,A:A,A:A,A:B,A:A,B:B,A:B,B:B
16,A:A,A:A,A:A,A:A,B:B,A:B,B:B,A:A,A:B,B:B,A:B,A:A,A:A,A:B,A:A,A:B,A:A,B:B,A:B,B:B
16,A:A,A:A,A:A,B:B,B:B,B:B,A:B,A:A,A:A,B:B,A:B,A:A,B:B,A:A,A:B,A:A,A:B,B:B,A:B,A:B
16,A:A,A:A,A:A,B:B,B:B,A:B,B:B,A:A,A:A,B:B,B:B,A:A,A:A,A:B,A:A,B:B,A:A,B:B,B:B,A:A
16,A:B,A:A,A:A,B:B,B:B,B:B,A:B,A:A,A:A,A:B,B:B,A:A,A:B,A:A,B:B,A:B,A:A,B:B,B:B,A:A
16,A:A,B:B,A:B,A:A,B:B,B:B,B:B,A:A,A:A,A:A,A:B,A:A,B:B,A:B,A:A,B:B,B:B,B:B,A:A,A:A
16,A:B,A:B,A:A,A:B,B:B,B:B,B:B,A:A,A:B,A:B,A:B,A:A,A:B,A:B,A:A,A:B,A:B,B:B,A:B,A:A
16,A:A,B:B,A:A,A:B,B:B,B:B,A:B,A:A,A:B,A:B,A:B,A:A,A:B,A:B,A:B,A:B,A:A,B:B,A:A,A:B
16,A:A,A:B,A:A,A:B,B:B,A:B,B:B,A:A,A:B,B:B,A:B,A:A,B:B,A:B,A:B,A:B,A:B,B:B,A:B,A:B
16,A:A,B:B,A:A,A:A,B:B,A:B,B:B,A:A,A:A,B:B,B:B,A:A,A:B,A:B,A:A,A:A,A:A,B:B,B:B,A:A
16,A:A,A:A,A:B,A:B,B:B,B:B,B:B,A:A,A:B,B:B,B:B,A:A,B:B,A:A,B:B,A:B,A:B,B:B,A:A,B:B
16,A:A,A:B,A:B,A:B,A:B,B:B,A:B,A:A,A:B,B:B,B:B,A:A,B:B,A:B,A:B,A:A,A:A,B:B,A:B,A:B
16,A:B,A:A,A:B,B:B,B:B,A:B,B:B,A:A,A:A,B:B,A:A,A:A,A:A,A:A,B:B,A:B,B:B,B:B,A:B,A:B
16,A:A,A:A,A:A,A:B,B:B,B:B,B:B,A:A,A:B,B:B,A:A,A:A,B:B,A:A,A:A,A:B,A:A,B:B,B:B,A:B
16,A:B,A:B,B:B,A:A,B:B,B:B,B:B,A:A,A:A,B:B,A:B,A:A,A:B,A:A,A:B,A:B,A:A,B:B,A:B,A:A
16,A:A,A:B,B:B,B:B,A:B,B:B,B:B,A:A,A:A,B:B,A:B,A:A,B:B,A:A,A:A,A:B,A:B,B:B,B:B,A:B
16,B:B,A:B,A:A,A:A,B:B,B:B,B:B,A:A,A:B,A:B,B:B,A:A,B:B,A:A,A:A,B:B,A:B,B:B,B:B,A:A
16,A:A,A:B,A:B,A:B,A:B,A:B,A:B,A:A,B:B,B:B,B:B,A:A,A:B,A:B,A:A,A:A,A:A,B:B,B:B,A:B
16,A:A,B:B,A:B,B:B,A:B,B:B,B:B,A:A,A:A,B:B,A:B,A:A,B:B,A:A,A:A,A:B,A:A,B:B,B:B,A:A
16,A:A,A:B,A:B,A:B,B:B,B:B,A:B,A:A,A:A,B:B,A:B,A:A,B:B,A:A,B:B,A:B,A:B,B:B,A:A,A:B
16,A:B,A:A,A:A,B:B,A:B,B:B,B:B,A:A,A:A,B:B,A:B,A:A,A:A,A:A,A:B,A:A,A:A,B:B,B:B,A:B
16,A:A,A:B,A:A,A:B,B:B,A:B,B:B,A:A,A:A,B:B,A:A,A:A,A:B,A:A,A:A,A:B,B:B,B:B,A:B,A:A
16,A:A,A:B,A:A,A:B,B:B,A:B,B:B,A:A,A:A,A:B,A:B,A:A,A:A,B:B,A:B,B:B,A:A,B:B,A:B,B:B
16,A:A,A:B,A:A,B:B,B:B,A:B,A:B,A:A,A:A,B:B,B:B,A:A,B:B,A:A,A:B,A:B,A:A,B:B,A:B,A:A
16,A:B,A:B,B:B,A:A,B:B,A:B,B:B,A:A,A:A,A:A,B:B,A:A,A:B,A:A,A:A,A:B,A:B,B:B,A:B,A:B
16,B:B,B:B,A:B,A:A,B:B,B:B,B:B,A:A,A:B,A:B,B:B,A:A,A:B,A:A,A:A,A:B,B:B,B:B,A:B,A:A
16,B:B,A:A,A:B,A:B,B:B,B:B,B:B,A:A,A:A,B:B,B:B,A:A,A:A,A:B,A:A,A:B,A:B,B:B,A:B,A:B
16,A:B,A:A,A:B,A:B,B:B,B:B,B:B,A:A,A:B,B:B,B:B,A:A,A:A,A:B,A:A,A:B,A:A,B:B,A:B,A:A
16,A:A,A:A,A:A,B:B,B:B,B:B,A:B,A:A,A:B,B:B,B:B,A:A,A:B,A:A,A:A,A:B,A:A,B:B,B:B,A:B
16,A:A,B:B,A:A,A:B,B:B,B:B,A:A,A:A,A:A,A:B,A:A,A:A,A:B,A:A,A:A,A:A,A:B,B:B,A:B,A:B
16,A:A,A:A,A:A,A:B,B:B,B:B,B:B,A:A,A:B,B:B,A:A,A:A,A:B,A:A,A:A,A:B,B:B,B:B,B:B,A:B
16,A:B,A:A,B:B,A:A,B:B,B:B,B:B,A:A,A:A,B:B,A:B,A:A,A:A,A:B,A:A,A:B,A:A,B:B,A:B,B:B
16,B:B,A:B,A:A,A:B,B:B,B:B,A:B,A:A,A:B,A:B,A:A,A:A,A:A,A:A,A:B,A:A,A:B,B:B,A:B,A:B
16,A:B,A:B,A:B,A:A,B:B,B:B,B:B,A:A,A:A,A:B,A:B,A:A,B:B,A:A,A:B,B:B,A:A,B:B,B:B,A:B
16,A:B,A:A,A:A,A:B,B:B,B:B,A:B,A:A,A:B,B:B,A:B,A:A,A:B,A:B,A:B,A:A,A:A,B:B,B:B,B:B
16,A:A,A:B,A:A,A:B,B:B,A:B,B:B,A:A,A:A,B:B,A:B,A:A,A:B,A:B,A:A,A:B,A:B,B:B,A:B,A:A
16,A:B,A:B,A:A,A:B,B:B,B:B,B:B,A:A,A:A,B:B,A:B,A:A,B:B,A:A,A:A,B:B,A:B,B:B,A:B,A:B
16,A:B,B:B,A:A,A:A,B:B,B:B,B:B,A:A,A:A,B:B,B:B,A:A,B:B,A:B,A:A,B:B,A:B,A:B,A:B,A:A
16,A:A,A:B,A:B,A:A,B:B,B:B,A:B,A:A,A:A,A:B,A:B,A:A,A:A,A:A,A:A,A:A,A:B,B:B,B:B,A:B
16,A:A,A:B,A:A,B:B,B:B,B:B,A:B,A:A,A:A,B:B,B:B,A:A,B:B,A:B,A:A,A:A,A:B,B:B,B:B,A:B
16,A:B,A:A,A:B,A:B,B:B,B:B,B:B,A:A,A:A,A:B,A:B,A:A,A:B,A:B,A:B,A:B,A:A,B:B,B:B,A:B
16,A:B,A:A,A:A,A:A,B:B,B:B,B:B,A:A,A:A,B:B,B:B,A:A,A:B,A:A,A:B,A:A,A:A,B:B,A:B,A:A
16,A:B,A:B,A:A,A:B,B:B,B:B,B:B,A:A,A:A,A:B,A:B,A:A,B:B,A:A,A:B,B:B,A:A,B:B,A:A,A:B
16,A:B,A:B,A:A,A:B,B:B,B:B,A:B,A:A,A:A,B:B,A:B,A:A,A:B,A:A,A:B,B:B,A:B,B:B,B:B,A:A
16,A:A,A:A,A:B,A:B,B:B,B:B,A:B,A:A,A:A,B:B,B:B,A:A,B:B,A:A,A:A,A:B,A:B,B:B,A:B,A:A
16,A:A,A:A,A:B,A:B,B:B,B:B,B:B,A:A,A:A,B:B,B:B,A:A,B:B,A:A,A:B,A:A,A:A,B:B,A:B,A:B
16,A:B,A:B,A:A,A:B,B:B,B:B,A:B,A:A,A:A,B:B,A:A,A:A,A:B,A:B,A:B,A:A,A:B,B:B,A:B,A:A
16,A:B,A:A,A:A,A:A,B:B,B:B,A:A,A:A,A:A,A:B,A:B,A:A,A:B,A:B,A:A,A:B,A:A,B:B,A:A,A:B
16,A:A,A:B,A:A,B:B,B:B,B:B,A:B,A:A,A:B,A:B,A:B,A:A,A:A,A:A,A:B,A:B,A:A,B:B,B:B,A:B
16,A:A,A:B,A:A,A:B,B:B,B:B,B:B,A:A,A:B,B:B,A:B,A:A,A:B,A:B,A:B,B:B,A:A,B:B,A:B,B:B
16,A:A,A:B,A:A,A:B,B:B,A:B,A:B,A:A,A:B,B:B,A:B,A:A,B:B,A:A,B:B,A:A,A:B,B:B,B:B,A:B
16,A:B,A:A,A:A,A:A,B:B,B:B,A:B,A:A,A:A,B:B,A:B,A:A,A:B,A:B,A:A,A:B,A:A,B:B,B:B,A:A
16,A:A,A:B,A:A,A:A,B:B,A:B,A:B,A:A,A:A,B:B,B:B,A:A,B:B,A:B,A:A,A:A,A:A,B:B,A:B,A:A
16,A:A,B:B,A:B,B:B,B:B,B:B,B:B,A:A,A:A,B:B,B:B,A:A,A:B,A:A,A:A,A:B,A:B,B:B,B:B,A:B
16,A:A,A:B,A:A,A:A,B:B,B:B,A:B,A:A,B:B,B:B,A:B,A:A,A:B,A:A,A:A,A:A,A:B,B:B,B:B,A:B
16,A:B,A:B,A:B,A:B,B:B,B:B,A:B,A:A,A:B,B:B,A:B,A:A,B:B,A:A,A:A,B:B,A:A,B:B,B:B,A:A
16,A:B,A:B,A:A,A:B,B:B,A:B,B:B,A:A,A:B,B:B,A:B,A:A,A:A,A:B,A:A,A:B,A:A,B:B,A:B,A:B
16,A:A,A:B,A:B,A:B,B:B,A:B,B:B,A:A,A:A,B:B,A:A,A:A,A:A,A:A,A:A,B:B,A:B,B:B,A:B,B:B
16,A:A,A:B,A:A,B:B,B:B,B:B,A:B,A:A,A:A,B:B,A:B,A:A,B:B,A:A,B:B,A:B,A:A,B:B,B:B,A:A
16,B:B,A:B,A:B,B:B,B:B,B:B,B:B,A:A,A:A,B:B,A:B,A:A,B:B,A:A,A:B,A:A,A:B,B:B,B:B,A:A
16,A:A,A:A,A:A,A:B,B:B,B:B,B:B,A:A,B:B,A:B,A:B,A:A,A:A,A:A,A:A,A:B,B:B,B:B,A:B,A:B
16,A:A,A:A,A:A,A:B,B:B,B:B,B:B,A:A,A:B,A:B,A:B,A:A,A:A,A:A,A:B,A:B,A:A,B:B,A:A,A:A
16,A:B,B:B,A:A,A:B,B:B,B:B,B:B,A:A,A:B,B:B,B:B,A:A,B:B,A:A,A:A,B:B,A:A,B:B,B:B,A:B
16,A:A,A:B,A:B,B:B,B:B,A:B,B:B,A:A,A:B,A:B,B:B,A:A,B:B,A:A,A:A,A:B,A:A,B:B,B:B,A:A
16,A:A,A:A,A:B,A:B,B:B,B:B,A:B,A:A,A:B,B:B,B:B,A:A,B:B,A:B,A:A,A:B,A:A,B:B,A:A,B:B
16,A:A,A:B,A:A,A:A,B:B,A:B,A:B,A:A,A:A,B:B,B:B,A:A,A:B,A:B,B:B,A:A,A:A,B:B,B:B,A:A
16,A:B,A:A,A:A,A:B,B:B,B:B,B:B,A:A,A:B,B:B,B:B,A:A,A:B,A:A,A:A,A:A,A:A,B:B,B:B,A:A
16,A:A,A:B,A:B,A:B,B:B,B:B,B:B,A:A,A:B,B:B,B:B,A:A,B:B,A:A,A:B,A:A,A:B,B:B,A:B,A:A
16,A:A,B:B,A:A,A:B,B:B,B:B,A:B,A:A,A:A,B:B,A:A,A:A,A:B,A:A,A:A,A:A,A:A,B:B,A:B,A:A
16,A:A,A:B,A:B,B:B,B:B,B:B,A:B,A:A,A:A,B:B,B:B,A:A,A:B,A:A,A:B,A:B,B:B,B:B,A:B,A:A
16,A:A,A:B,A:A,A:A,A:B,B:B,A:B,A:A,A:A,B:B,A:A,A:A,A:A,A:A,A:B,A:A,A:B,B:B,B:B,A:A
16,A:A,A:A,A:B,A:A,B:B,B:B,B:B,A:A,A:A,B:B,A:A,A:A,B:B,A:B,A:B,A:A,A:B,B:B,B:B,A:A
16,A:B,A:A,A:A,B:B,B:B,B:B,B:B,A:A,A:A,B:B,A:B,A:A,A:B,A:A,A:A,B:B,B:B,B:B,B:B,A:A
16,A:A,A:B,B:B,A:B,B:B,B:B,B:B,A:A,A:B,B:B,B:B,A:A,B:B,A:A,B:B,B:B,A:A,B:B,B:B,A:B
16,A:A,A:A,A:A,A:B,B:B,B:B,A:B,A:A,A:A,B:B,A:A,A:A,A:B,A:B,A:A,A:A,A:A,B:B,B:B,A:A
16,A:B,A:B,A:B,A:A,B:B,B:B,B:B,A:A,A:A,B:B,A:B,A:A,A:A,A:B,A:A,A:A,A:B,A:B,B:B,A:A
16,A:B,A:A,A:B,A:A,B:B,B:B,A:B,A:A,A:A,B:B,A:A,A:A,B:B,B:B,A:B,A:A,A:A,B:B,B:B,A:A
16,A:B,A:A,A:A,B:B,B:B,B:B,B:B,A:A,B:B,B:B,A:B,A:A,B:B,A:A,A:B,B:B,A:A,B:B,A:B,A:B
16,A:A,A:A,A:B,B:B,B:B,B:B,B:B,A:A,A:A,B:B,A:A,A:A,A:B,A:A,A:B,A:B,A:A,B:B,A:B,B:B
16,A:B,A:B,A:A,A:A,B:B,B:B,B:B,A:A,A:A,B:B,B:B,A:A,A:A,A:A,A:A,A:B,A:B,B:B,A:B,A:A
16,A:B,A:A,A:A,A:B,B:B,B:B,B:B,A:A,A:A,B:B,A:B,A:A,A:B,A:A,A:B,A:B,A:B,B:B,A:B,A:B
17,A:B,A:B,A:A,B:B,B:B,B:B,A:A,A:B,A:A,B:B,B:B,A:A,A:A,A:A,A:B,A:A,B:B,B:B,A:B,B:B
17,A:B,A:B,A:A,A:B,B:B,B:B,A:B,A:B,A:A,B:B,A:B,A:A,B:B,A:B,A:B,A:A,A:A,B:B,B:B,A:A
17,A:B,A:A,A:A,B:B,A:A,B:B,A:B,A:A,A:A,B:B,A:A,A:A,B:B,A:A,B:B,A:B,A:B,B:B,B:B,A:A
17,A:A,A:B,A:B,A:B,B:B,B:B,B:B,A:A,A:A,B:B,B:B,A:A,B:B,A:A,A:A,A:A,B:B,B:B,A:A,A:A
17,A:B,B:B,A:A,A:B,A:A,B:B,A:B,A:A,A:A,B:B,A:B,A:A,A:B,B:B,B:B,A:A,A:B,B:B,A:B,A:B
17,A:B,A:A,A:B,B:B,A:B,B:B,A:B,A:A,A:A,B:B,B:B,A:A,A:B,A:A,A:B,A:A,A:B,B:B,B:B,A:B
17,A:A,A:A,A:A,B:B,B:B,B:B,A:B,A:A,A:A,B:B,B:B,A:A,A:B,A:A,B:B,A:A,A:B,B:B,B:B,A:A
17,A:A,B:B,A:A,A:B,A:A,A:B,B:B,B:B,A:A,B:B,A:B,A:A,B:B,A:B,A:B,A:A,B:B,B:B,A:A,B:B
17,A:B,B:B,A:A,A:B,A:B,B:B,B:B,A:A,A:A,B:B,A:B,A:A,A:A,A:A,A:B,A:B,A:A,B:B,A:B,A:A
17,A:B,A:A,A:A,A:B,A:B,B:B,A:A,A:A,A:A,B:B,A:B,A:A,B:B,A:A,B:B,B:B,A:B,B:B,A:A,A:B
17,A:B,A:A,A:A,A:B,A:A,B:B,B:B,B:B,A:A,B:B,A:A,A:A,B:B,A:A,A:B,A:B,A:A,B:B,A:B,A:A
17,A:A,A:A,A:A,B:B,B:B,B:B,A:B,A:A,A:A,B:B,B:B,A:A,B:B,A:A,A:A,A:B,A:B,A:B,B:B,A:B
17,A:A,A:B,A:A,B:B,A:B,B:B,A:B,A:A,A:A,B:B,B:B,A:A,B:B,A:A,A:B,A:B,A:B,B:B,B:B,A:A
17,A:B,A:A,A:A,B:B,A:B,B:B,A:A,A:B,A:A,B:B,A:A,A:A,A:B,A:B,A:B,A:A,B:B,B:B,B:B,B:B
17,A:A,A:B,A:A,A:B,A:B,B:B,A:B,A:B,A:A,B:B,A:B,A:A,A:B,A:B,A:A,A:A,A:B,A:B,B:B,B:B
17,B:B,A:B,A:A,B:B,B:B,B:B,A:B,A:B,A:A,B:B,A:A,A:A,B:B,A:A,A:B,A:B,A:B,B:B,B:B,A:A
17,A:A,A:B,A:A,B:B,B:B,B:B,A:B,A:A,A:A,B:B,A:B,A:A,B:B,A:B,A:B,A:A,A:B,B:B,B:B,B:B
17,A:A,A:A,A:A,B:B,A:B,B:B,B:B,A:A,A:A,B:B,A:B,A:A,B:B,A:B,A:B,A:A,A:B,B:B,A:B,A:B
17,B:B,A:A,A:A,B:B,B:B,A:B,A:B,A:A,A:A,B:B,A:B,A:A,B:B,A:A,B:B,B:B,A:A,B:B,A:B,A:B
17,A:A,A:A,A:B,A:B,A:B,B:B,A:A,A:A,A:A,B:B,A:A,A:A,A:B,A:B,A:B,A:B,A:B,B:B,B:B,A:A
17,A:B,A:A,A:A,A:A,B:B,B:B,A:B,A:B,A:A,B:B,A:A,A:A,B:B,B:B,B:B,A:A,B:B,B:B,A:B,B:B
17,A:B,A:B,A:A,B:B,B:B,B:B,A:A,A:A,A:A,B:B,A:A,A:A,B:B,A:A,A:B,A:B,B:B,B:B,A:B,A:A
17,A:B,A:B,A:A,A:B,B:B,B:B,A:B,A:A,A:A,B:B,A:B,A:A,A:A,A:A,A:B,A:A,B:B,B:B,B:B,A:A
17,B:B,A:B,A:A,A:B,A:B,B:B,A:B,A:A,A:A,B:B,A:B,A:A,A:B,A:A,A:B,A:B,A:A,B:B,A:B,A:B
17,A:A,A:B,A:A,B:B,A:B,B:B,B:B,B:B,A:A,B:B,A:A,A:A,B:B,A:B,A:A,A:B,A:B,B:B,A:B,A:A
17,B:B,B:B,A:A,A:B,B:B,B:B,A:B,A:B,A:A,B:B,A:A,A:A,B:B,A:A,A:B,A:A,A:B,B:B,B:B,A:B
17,A:A,A:B,A:A,B:B,A:B,B:B,B:B,A:A,A:A,B:B,A:B,A:A,B:B,A:B,B:B,A:B,A:B,A:B,A:B,A:B
17,B:B,B:B,A:A,A:B,A:B,B:B,A:B,A:A,A:A,B:B,A:A,A:A,B:B,A:A,B:B,A:A,A:A,B:B,A:B,A:B
17,A:A,B:B,A:A,A:B,B:B,B:B,B:B,A:A,A:A,B:B,A:A,A:B,B:B,A:B,A:B,A:B,B:B,B:B,A:B,A:B
17,A:A,A:A,A:A,A:A,A:B,B:B,A:A,A:B,A:A,B:B,A:B,A:A,B:B,A:A,A:B,A:A,A:A,B:B,A:A,B:B
17,A:A,B:B,A:A,B:B,B:B,B:B,A:B,A:A,A:A,B:B,A:A,A:A,B:B,A:A,B:B,A:B,A:A,B:B,B:B,A:B
17,A:B,B:B,A:B,A:B,B:B,B:B,A:B,A:B,A:A,B:B,A:B,A:A,B:B,A:A,B:B,A:A,A:B,A:B,A:B,B:B
17,A:B,A:A,A:A,B:B,A:B,B:B,A:A,A:A,A:A,B:B,A:B,A:A,B:B,A:B,A:B,A:B,A:A,A:B,A:B,B:B
17,A:B,A:A,A:A,B:B,A:B,B:B,A:B,A:A,A:A,B:B,A:A,A:A,B:B,A:A,A:A,B:B,A:B,B:B,B:B,A:B
17,A:B,A:A,A:A,B:B,A:A,A:B,A:B,B:B,A:A,B:B,A:B,A:A,B:B,A:A,A:B,A:A,A:B,B:B,A:B,A:A
17,A:A,A:A,A:A,A:B,B:B,B:B,A:B,A:A,A:A,B:B,A:B,A:A,A:B,A:B,B:B,A:A,B:B,B:B,A:B,A:B
17,A:B,A:B,A:A,A:B,A:B,B:B,A:B,A:B,A:A,B:B,A:B,A:A,B:B,A:A,A:B,A:A,A:B,B:B,A:B,A:B
17,A:B,A:A,A:A,A:B,B:B,B:B,A:B,A:A,A:A,B:B,A:B,A:A,A:B,A:B,B:B,A:A,A:B,A:B,A:B,A:B
17,B:B,A:B,A:A,B:B,B:B,B:B,A:B,A:A,A:A,B:B,B:B,A:A,A:A,A:A,A:A,A:A,A:B,B:B,A:B,A:B
17,A:A,A:B,A:A,B:B,A:B,A:B,A:A,A:A,A:A,B:B,A:A,A:A,B:B,A:A,B:B,A:B,A:B,B:B,B:B,A:B
17,A:B,B:B,A:A,A:A,B:B,B:B,B:B,A:A,A:A,B:B,B:B,A:A,A:B,A:A,B:B,A:A,A:A,B:B,A:B,A:B
17,A:A,B:B,A:A,B:B,B:B,B:B,A:B,A:A,A:A,B:B,A:B,A:A,B:B,A:A,B:B,A:A,B:B,B:B,B:B,B:B
17,A:A,A:A,A:A,A:B,B:B,B:B,A:B,A:A,A:A,B:B,A:B,A:A,B:B,A:A,A:B,A:A,A:B,B:B,A:A,A:A
17,A:B,B:B,A:B,B:B,A:B,B:B,A:A,A:A,A:A,B:B,A:A,A:A,A:B,A:A,A:B,A:A,B:B,B:B,A:A,B:B
17,B:B,A:B,A:B,B:B,A:B,B:B,A:A,A:A,A:A,B:B,B:B,A:A,A:B,A:A,A:A,A:A,A:A,B:B,A:B,B:B
17,B:B,A:A,A:A,B:B,B:B,B:B,A:B,A:A,A:A,B:B,B:B,A:A,B:B,B:B,B:B,A:A,B:B,B:B,A:B,B:B
17,A:A,A:B,A:B,A:B,B:B,A:B,A:B,A:B,A:A,B:B,A:B,A:A,B:B,A:A,A:A,A:A,A:A,B:B,A:B,A:B
17,A:A,A:A,A:A,B:B,A:B,B:B,A:B,A:A,A:A,B:B,A:A,A:A,A:B,A:A,B:B,A:A,A:B,B:B,B:B,A:B
17,A:B,A:A,A:A,A:B,A:A,B:B,A:B,A:A,A:A,B:B,A:A,A:A,A:B,A:A,B:B,A:A,A:B,B:B,A:B,A:A
17,B:B,A:B,A:A,B:B,B:B,B:B,A:B,A:B,A:A,B:B,B:B,A:A,B:B,A:A,A:B,A:B,A:B,B:B,A:B,A:A
17,A:B,A:B,A:A,B:B,B:B,B:B,B:B,A:A,A:A,B:B,A:B,A:A,A:B,A:A,A:A,B:B,B:B,B:B,B:B,A:B
17,A:B,A:A,A:A,A:B,B:B,B:B,A:B,A:B,A:A,B:B,A:A,A:A,B:B,A:A,B:B,A:B,B:B,B:B,B:B,B:B
17,A:A,A:A,A:A,A:A,A:B,B:B,A:B,A:A,A:A,B:B,A:B,A:A,A:B,A:B,B:B,A:A,A:B,B:B,A:B,A:B
17,A:B,A:B,A:A,A:B,A:B,B:B,A:A,A:A,A:A,B:B,A:B,A:A,A:A,A:A,A:B,A:A,B:B,B:B,B:B,A:B
17,A:A,A:A,A:A,A:A,A:A,B:B,A:B,A:A,A:A,B:B,A:B,A:A,A:B,A:A,A:B,A:B,A:A,B:B,B:B,A:B
17,A:A,A:B,A:B,B:B,A:B,B:B,B:B,A:A,A:A,B:B,A:B,A:A,A:B,A:A,A:B,A:A,A:B,B:B,A:B,A:B
17,A:A,A:B,A:B,A:B,B:B,B:B,A:A,A:A,A:A,B:B,A:B,A:A,B:B,A:B,B:B,A:A,A:B,B:B,B:B,A:B
17,A:B,B:B,A:A,B:B,A:B,B:B,A:B,A:A,A:A,B:B,A:B,A:A,A:B,A:A,B:B,A:B,A:B,B:B,A:B,B:B
17,A:A,A:A,A:A,A:B,A:B,A:B,A:A,A:B,A:A,B:B,A:B,A:A,B:B,A:B,A:B,A:A,A:A,B:B,B:B,A:B
17,A:B,A:A,A:A,A:B,B:B,B:B,A:B,A:A,A:A,B:B,B:B,A:A,A:B,A:A,B:B,A:A,B:B,B:B,B:B,A:A
17,A:A,A:A,A:A,B:B,A:B,B:B,A:A,A:A,A:A,B:B,A:B,A:A,B:B,A:B,B:B,A:A,A:A,B:B,A:B,B:B
17,A:A,A:B,A:B,B:B,A:B,B:B,B:B,A:B,A:A,B:B,B:B,A:A,A:B,A:A,A:B,A:A,B:B,B:B,A:B,B:B
17,A:A,A:B,A:A,B:B,A:A,B:B,B:B,A:A,A:A,B:B,B:B,A:A,A:B,A:A,A:B,A:B,A:B,B:B,B:B,A:B
17,A:B,A:B,A:A,B:B,A:A,B:B,A:A,A:B,A:A,B:B,A:B,A:A,B:B,A:A,B:B,B:B,A:A,B:B,B:B,B:B
17,A:B,B:B,A:A,A:B,A:B,B:B,A:B,A:A,A:A,B:B,A:B,A:A,B:B,A:A,A:B,A:B,A:B,B:B,A:A,A:B
17,A:B,A:B,A:A,A:A,B:B,B:B,A:A,A:B,A:B,B:B,A:A,A:A,B:B,A:B,B:B,A:A,A:B,B:B,A:B,A:B
17,A:A,A:B,A:A,B:B,A:B,B:B,A:B,A:B,A:A,B:B,A:A,A:A,B:B,A:A,A:A,B:B,A:A,B:B,A:B,A:B
17,A:A,A:A,A:A,B:B,A:B,B:B,B:B,A:B,A:A,B:B,A:B,A:A,A:B,A:A,A:B,A:A,A:B,B:B,B:B,A:B
17,A:B,B:B,A:A,A:B,B:B,B:B,A:B,A:A,A:A,B:B,A:B,A:A,B:B,A:B,A:B,A:A,A:B,B:B,B:B,B:B
17,A:A,A:B,A:A,B:B,A:B,B:B,A:A,A:A,A:A,B:B,B:B,A:A,A:B,A:B,A:B,A:A,A:B,B:B,A:B,A:B
17,A:B,A:B,A:A,B:B,B:B,B:B,A:B,A:A,A:A,B:B,B:B,A:A,A:B,A:A,A:A,A:A,A:B,B:B,B:B,A:B
17,A:A,A:A,A:A,A:A,A:B,B:B,A:B,A:B,A:A,B:B,B:B,A:A,A:B,A:A,A:B,A:A,A:B,B:B,B:B,A:B
17,A:B,A:A,A:A,A:A,A:B,B:B,A:A,A:A,A:A,B:B,A:B,A:A,A:B,A:A,B:B,A:A,A:A,B:B,A:B,A:B
17,A:A,A:B,A:A,A:B,B:B,B:B,A:B,A:A,A:A,B:B,A:B,A:A,A:B,A:A,A:B,A:B,A:B,B:B,B:B,A:A
17,A:A,A:A,A:A,A:A,A:B,B:B,A:B,B:B,A:A,B:B,B:B,A:A,A:A,A:A,B:B,A:A,A:B,A:B,A:A,A:B
17,A:A,A:B,A:A,B:B,B:B,B:B,A:B,A:B,A:A,B:B,A:A,A:A,B:B,A:B,A:A,A:B,A:B,B:B,B:B,A:B
17,B:B,A:A,A:A,B:B,A:A,B:B,A:A,B:B,A:A,B:B,A:A,A:A,A:B,A:A,A:B,A:B,A:A,B:B,A:B,A:A
17,A:B,B:B,A:A,B:B,A:B,B:B,A:A,A:A,A:A,B:B,B:B,A:A,A:B,A:B,A:B,A:A,A:A,B:B,A:B,B:B
17,A:A,B:B,A:B,A:B,B:B,B:B,A:A,A:B,A:A,B:B,B:B,A:A,B:B,A:A,A:B,A:A,A:A,B:B,B:B,B:B
17,A:A,A:A,A:A,A:B,A:A,B:B,B:B,A:A,A:A,B:B,A:B,A:A,A:B,A:A,B:B,A:A,A:A,B:B,B:B,A:A
17,B:B,B:B,A:A,B:B,B:B,B:B,A:A,A:B,A:A,B:B,B:B,A:A,B:B,A:A,B:B,A:A,A:B,B:B,B:B,B:B
17,A:B,A:A,A:A,B:B,B:B,B:B,A:B,A:B,A:A,B:B,A:A,A:A,A:B,A:A,A:B,A:B,A:B,B:B,B:B,A:A
17,A:B,A:B,A:A,A:B,B:B,A:B,A:B,A:B,A:A,B:B,A:B,A:A,B:B,A:B,B:B,A:B,B:B,B:B,A:B,A:B
17,A:A,A:A,A:A,A:B,A:B,B:B,A:B,A:A,A:A,B:B,A:B,A:A,A:B,A:B,A:A,A:A,A:A,B:B,A:B,A:A
17,A:B,A:A,A:A,A:B,A:B,B:B,A:A,A:A,A:A,B:B,A:B,A:A,B:B,A:A,B:B,A:A,B:B,B:B,A:A,A:B
17,A:A,A:A,A:B,B:B,A:B,A:B,A:A,A:B,A:A,B:B,B:B,A:A,B:B,A:A,A:B,A:A,A:A,B:B,A:A,A:B
17,A:A,A:B,A:A,B:B,B:B,B:B,A:B,A:A,A:A,B:B,A:B,A:A,A:B,A:B,A:B,A:A,A:A,B:B,A:A,B:B
17,A:B,A:B,A:A,B:B,B:B,B:B,A:B,A:A,A:A,B:B,A:B,A:A,B:B,A:A,B:B,A:A,A:B,B:B,A:B,A:B
17,A:B,A:B,A:A,B:B,B:B,B:B,A:A,A:A,A:A,B:B,B:B,A:A,A:B,A:B,A:B,A:A,A:A,B:B,A:B,B:B
17,A:B,B:B,A:A,B:B,A:B,A:B,A:A,A:B,A:A,B:B,A:B,A:A,B:B,A:A,B:B,A:A,A:B,B:B,A:B,B:B
17,A:B,A:B,A:B,B:B,A:B,B:B,A:B,A:B,A:A,B:B,A:B,A:A,B:B,A:B,B:B,B:B,B:B,B:B,A:B,A:B
17,A:A,A:A,A:A,A:B,B:B,B:B,B:B,A:B,A:A,B:B,A:A,A:A,B:B,A:A,B:B,A:A,A:B,B:B,A:B,A:A
17,A:A,A:B,A:A,B:B,A:B,B:B,A:B,A:A,A:A,B:B,A:B,A:A,B:B,A:A,A:B,A:B,A:A,B:B,B:B,A:B
17,A:B,A:B,A:A,B:B,B:B,B:B,A:A,A:B,A:A,B:B,A:A,A:A,A:B,A:A,A:B,A:A,B:B,B:B,A:B,A:A
17,A:B,A:B,A:A,A:B,B:B,A:B,A:B,A:A,A:A,A:B,A:B,A:A,B:B,A:A,B:B,A:B,B:B,B:B,B:B,A:B
17,A:A,A:B,A:A,A:B,B:B,B:B,A:B,A:A,A:A,B:B,A:B,A:A,B:B,A:B,B:B,A:A,B:B,B:B,A:A,A:A
17,B:B,A:B,A:A,B:B,B:B,A:B,A:A,B:B,A:A,B:B,A:B,A:A,A:A,A:A,A:B,A:B,A:A,B:B,A:A,A:A
17,A:B,A:B,A:A,A:B,A:B,B:B,A:A,A:A,A:A,B:B,B:B,A:A,A:B,A:A,B:B,A:A,A:B,B:B,B:B,A:B
17,A:A,A:A,A:A,B:B,B:B,B:B,A:A,A:B,A:A,B:B,A:A,A:A,B:B,A:A,B:B,A:B,A:A,B:B,A:B,A:B
17,A:B,A:B,A:A,B:B,B:B,B:B,A:B,A:A,A:A,B:B,A:A,A:A,B:B,A:A,A:B,A:B,A:A,B:B,A:B,A:A
18,A:B,A:B,A:A,B:B,B:B,B:B,B:B,A:B,A:A,B:B,A:B,A:A,B:B,A:A,A:B,A:A,A:A,A:B,A:B,A:B
18,A:B,A:B,A:A,A:B,B:B,B:B,A:A,A:A,A:A,B:B,A:B,A:A,B:B,A:A,A:B,A:A,A:A,B:B,A:B,A:B
18,A:A,B:B,A:A,B:B,A:A,B:B,A:B,A:A,A:B,B:B,A:A,A:A,B:B,A:A,A:B,A:A,A:A,B:B,A:B,A:B
18,A:A,A:B,A:A,A:B,A:A,B:B,A:A,A:A,A:A,B:B,A:B,A:A,B:B,A:A,A:B,A:B,A:B,B:B,A:A,A:B
18,A:A,B:B,A:B,B:B,A:A,B:B,B:B,A:A,A:A,A:A,B:B,A:A,B:B,A:A,B:B,A:A,B:B,B:B,A:B,A:B
18,A:A,B:B,A:A,A:B,B:B,B:B,B:B,A:A,A:A,B:B,A:A,A:A,B:B,A:A,A:B,A:A,A:A,B:B,A:A,A:B
18,A:B,A:B,A:A,B:B,A:B,B:B,A:B,A:A,A:A,A:B,A:B,A:B,B:B,A:A,B:B,A:A,A:B,B:B,A:B,B:B
18,A:A,A:A,A:A,A:B,B:B,A:B,A:B,A:B,A:A,B:B,A:A,A:A,B:B,B:B,A:B,A:A,A:B,B:B,A:B,A:A
18,A:A,A:B,A:A,A:B,B:B,B:B,A:A,A:A,A:A,B:B,A:A,A:A,B:B,A:A,A:A,A:B,A:B,B:B,A:B,A:A
18,A:A,A:B,A:B,B:B,A:B,B:B,A:B,A:B,A:A,B:B,A:B,A:A,B:B,A:A,A:B,A:A,A:B,B:B,A:B,A:A
18,A:B,A:B,A:A,B:B,A:B,B:B,B:B,A:B,A:A,A:B,A:B,A:A,B:B,A:A,B:B,A:A,A:B,B:B,A:B,A:B
18,A:A,A:B,A:A,A:B,A:B,B:B,B:B,A:B,A:A,A:B,A:B,A:A,A:A,A:B,B:B,A:A,A:B,B:B,B:B,A:A
18,A:A,A:B,A:A,B:B,A:B,B:B,A:B,A:A,A:A,A:B,A:A,A:A,B:B,A:B,A:A,A:B,A:A,B:B,A:B,A:B
18,A:A,A:A,A:A,A:B,A:A,B:B,B:B,A:A,A:A,B:B,A:A,A:A,A:B,A:B,A:B,A:A,A:B,B:B,B:B,A:B
18,A:A,B:B,A:A,B:B,A:B,B:B,A:B,A:A,A:B,A:B,A:B,A:A,B:B,A:A,A:B,A:A,A:B,A:B,A:A,B:B
18,A:A,A:B,A:A,B:B,A:B,B:B,A:B,A:A,A:A,B:B,A:B,A:A,B:B,A:A,B:B,A:A,A:B,B:B,A:B,B:B
18,A:A,A:A,A:A,B:B,A:B,B:B,A:A,A:A,A:A,A:B,B:B,A:A,A:B,A:A,A:A,A:B,A:B,B:B,A:B,A:B
18,A:A,A:A,A:A,A:B,A:B,B:B,A:A,A:B,A:A,B:B,A:B,A:A,B:B,A:A,A:B,A:A,A:B,B:B,A:A,A:B
18,A:B,A:B,A:A,B:B,A:B,B:B,A:B,A:A,A:A,B:B,A:B,A:A,B:B,A:B,A:B,A:A,A:A,B:B,A:B,A:A
18,A:A,B:B,A:A,B:B,A:B,B:B,A:B,A:B,A:A,B:B,B:B,A:A,A:B,A:A,A:B,A:A,B:B,B:B,B:B,A:B
18,A:A,A:B,A:A,B:B,A:B,B:B,A:A,A:B,A:A,B:B,A:A,A:A,B:B,A:A,A:B,A:A,A:B,B:B,A:B,A:B
18,A:A,B:B,A:A,A:B,A:B,B:B,A:B,A:A,A:A,A:A,A:B,A:A,B:B,A:A,A:B,A:A,A:B,B:B,A:A,B:B
18,A:A,B:B,A:A,B:B,A:B,B:B,A:A,A:B,A:A,A:B,A:A,A:A,B:B,A:A,A:B,A:A,A:A,B:B,A:B,A:B
18,A:A,B:B,A:A,A:B,A:A,B:B,A:B,A:A,A:A,A:B,A:A,A:A,B:B,A:B,A:B,A:A,B:B,B:B,A:B,A:A
18,A:A,A:B,A:A,A:B,A:B,B:B,A:A,A:B,A:A,B:B,A:A,A:A,A:B,A:A,B:B,A:A,A:A,B:B,A:B,A:B
18,A:A,B:B,A:A,A:B,A:A,B:B,B:B,A:B,A:A,B:B,B:B,A:A,A:B,A:B,B:B,A:B,B:B,B:B,A:A,A:B
18,A:B,B:B,A:B,A:B,B:B,B:B,A:B,A:A,A:A,B:B,A:A,A:A,B:B,A:A,A:B,A:B,A:B,B:B,A:B,A:A
18,A:A,A:B,A:B,A:B,A:B,B:B,A:A,A:B,A:A,A:B,A:A,A:A,A:A,A:A,B:B,A:A,A:B,B:B,A:B,A:A
18,A:B,B:B,A:A,B:B,A:B,B:B,B:B,A:A,A:A,B:B,A:A,A:A,A:B,A:A,B:B,A:A,A:B,B:B,A:A,B:B
18,A:A,B:B,A:A,B:B,A:B,B:B,B:B,A:B,A:A,B:B,A:B,A:A,B:B,A:A,A:B,A:A,A:A,B:B,A:B,A:B
18,A:B,B:B,A:A,B:B,A:B,B:B,A:B,B:B,A:A,B:B,A:A,A:A,A:B,A:A,A:B,A:A,A:B,B:B,A:B,A:A
18,A:A,A:A,A:A,B:B,A:A,B:B,A:B,A:B,A:A,B:B,A:B,A:A,A:B,A:B,A:B,A:B,A:B,B:B,B:B,A:A
18,A:B,A:B,A:A,B:B,B:B,B:B,A:B,A:B,A:B,B:B,A:A,A:A,B:B,A:B,A:A,A:A,A:B,B:B,A:B,A:B
18,A:B,A:B,A:A,B:B,B:B,B:B,A:B,A:A,A:A,A:B,A:A,A:A,B:B,A:A,A:B,A:A,A:A,B:B,A:A,B:B
18,A:B,A:B,A:A,B:B,A:A,B:B,A:A,A:A,A:A,A:B,A:A,A:A,B:B,A:A,B:B,A:A,A:B,B:B,A:B,A:A
18,A:A,A:A,A:A,B:B,A:B,B:B,A:A,A:A,A:A,B:B,A:A,A:A,B:B,A:A,A:B,A:B,A:B,B:B,A:A,A:A
18,A:A,A:B,A:A,B:B,A:A,B:B,A:A,A:A,A:A,B:B,A:A,A:A,A:B,A:A,B:B,A:B,B:B,B:B,A:A,A:A
18,A:A,A:B,A:A,A:B,A:A,B:B,A:B,A:A,A:A,B:B,A:B,A:A,B:B,A:A,A:A,A:A,A:B,B:B,A:B,A:B
18,A:B,A:B,A:A,A:B,A:B,B:B,A:A,A:B,A:A,B:B,A:B,A:A,B:B,A:A,A:B,A:A,B:B,B:B,A:A,A:B
18,A:B,A:B,A:A,B:B,B:B,B:B,B:B,A:B,A:A,A:B,A:A,A:A,B:B,A:A,A:A,A:A,B:B,B:B,A:A,A:B
18,A:B,B:B,A:A,B:B,A:B,B:B,B:B,B:B,A:A,A:B,A:A,A:A,B:B,A:B,A:B,A:B,A:B,B:B,A:B,A:B
18,A:A,A:B,A:A,B:B,A:B,B:B,A:B,A:B,A:A,B:B,A:B,A:A,A:B,A:B,A:B,A:A,B:B,A:B,B:B,A:B
18,A:A,A:A,A:A,B:B,A:B,B:B,A:A,A:A,A:A,A:B,A:B,A:A,B:B,A:A,A:B,A:B,B:B,B:B,B:B,A:A
18,A:A,A:B,A:A,B:B,A:B,B:B,A:B,A:A,A:A,A:B,A:A,A:A,B:B,A:A,B:B,A:B,A:A,B:B,A:A,A:A
18,A:A,A:B,A:A,B:B,B:B,B:B,A:A,A:A,A:A,B:B,A:B,A:A,B:B,A:A,A:A,A:A,B:B,B:B,A:B,A:A
18,A:A,A:B,A:A,B:B,B:B,B:B,A:B,A:A,A:A,B:B,A:A,A:A,B:B,A:A,A:B,A:A,A:B,B:B,A:A,A:B
18,A:A,B:B,A:A,B:B,A:A,B:B,A:B,A:A,A:A,A:B,A:B,A:A,B:B,A:B,B:B,A:A,A:A,B:B,B:B,A:B
18,A:B,A:B,A:A,B:B,B:B,B:B,A:B,A:B,A:A,B:B,A:A,A:A,B:B,A:A,A:B,A:A,A:B,B:B,A:B,A:B
18,A:A,B:B,A:A,B:B,A:A,B:B,A:A,A:A,A:A,B:B,A:A,A:A,B:B,B:B,A:B,A:A,A:A,B:B,A:B,A:B
18,A:A,A:B,A:A,B:B,A:A,B:B,A:A,B:B,A:A,B:B,B:B,A:A,A:B,B:B,A:B,A:A,A:B,B:B,B:B,A:B
18,A:A,A:A,A:A,B:B,A:B,B:B,B:B,A:A,A:A,B:B,A:A,A:A,A:B,A:A,A:A,A:A,A:A,B:B,A:A,A:B
18,A:A,A:B,A:A,B:B,B:B,B:B,A:A,A:A,A:A,B:B,A:B,A:A,B:B,A:B,A:B,A:A,A:B,B:B,B:B,A:B
18,A:B,B:B,A:A,B:B,A:B,B:B,A:A,A:A,A:A,B:B,A:B,A:A,B:B,A:A,A:B,A:A,A:A,B:B,A:A,A:B
18,A:A,A:B,A:A,B:B,A:B,B:B,A:B,A:A,A:A,B:B,A:A,A:A,B:B,A:A,A:B,A:A,A:A,B:B,A:B,B:B
18,A:A,A:B,A:A,B:B,A:B,B:B,A:A,A:B,A:A,B:B,A:B,A:A,B:B,A:A,A:A,B:B,A:B,B:B,A:A,A:A
18,A:A,B:B,A:A,B:B,A:B,B:B,A:B,A:B,A:A,B:B,A:B,A:A,B:B,A:A,A:A,A:A,A:B,B:B,B:B,A:B
18,A:A,A:B,A:A,B:B,A:B,A:B,A:B,A:B,A:A,A:B,A:B,A:A,A:B,A:A,A:B,A:A,B:B,B:B,A:B,A:A
18,A:B,A:A,A:B,A:B,B:B,B:B,B:B,A:B,A:A,A:A,A:A,A:A,B:B,A:A,A:A,A:A,B:B,B:B,A:A,A:A
18,A:A,A:B,A:A,B:B,A:B,B:B,A:A,A:B,A:A,A:B,A:A,A:A,B:B,A:A,A:B,A:B,A:B,B:B,A:A,A:A
18,A:A,A:B,A:A,B:B,B:B,B:B,A:B,A:A,A:A,B:B,A:A,A:A,B:B,A:A,A:B,A:A,A:A,B:B,A:A,A:A
18,A:A,A:B,A:A,A:B,A:B,B:B,B:B,A:A,A:A,B:B,A:B,A:A,A:B,A:A,A:B,A:A,A:B,B:B,A:B,A:A
18,A:A,A:A,A:A,A:B,A:A,B:B,A:B,A:B,A:A,B:B,A:A,A:A,A:A,A:A,A:A,A:A,B:B,B:B,A:B,A:A
18,A:B,B:B,A:A,A:B,A:B,B:B,A:B,A:A,A:A,A:B,A:B,A:A,B:B,A:A,A:B,A:A,B:B,B:B,A:B,A:A
18,A:A,A:B,A:A,B:B,A:B,B:B,A:A,A:A,A:A,A:B,A:A,A:A,B:B,A:A,A:A,A:B,A:B,B:B,A:A,B:B
18,A:A,A:B,A:A,A:A,A:B,B:B,A:A,A:B,A:A,B:B,A:A,A:A,B:B,A:A,B:B,A:B,A:B,B:B,A:B,A:A
18,A:A,A:A,A:A,B:B,B:B,B:B,A:B,A:A,A:A,A:A,A:A,A:A,A:B,A:B,B:B,A:A,A:B,B:B,A:A,A:A
18,A:B,A:B,A:A,A:B,A:A,B:B,A:B,A:A,A:A,A:A,A:B,A:A,B:B,A:A,B:B,A:A,A:B,B:B,A:B,A:A
18,A:A,A:A,A:A,A:B,B:B,B:B,A:A,A:A,A:A,A:B,A:A,A:A,B:B,A:A,B:B,A:B,A:B,B:B,A:A,A:B
18,A:A,A:B,A:A,B:B,A:B,B:B,A:B,A:B,A:A,B:B,A:A,A:A,B:B,A:A,A:B,A:B,A:A,B:B,A:B,A:A
18,A:A,B:B,A:A,B:B,A:B,B:B,A:A,A:B,A:A,A:B,A:A,A:A,A:B,A:A,A:B,A:B,A:B,B:B,A:A,A:B
18,A:B,A:B,A:A,A:B,B:B,B:B,A:B,A:B,A:A,B:B,A:B,A:A,B:B,A:A,A:B,A:A,A:B,B:B,A:A,A:B
18,A:A,A:B,A:A,A:A,A:B,B:B,A:B,A:A,A:A,B:B,A:B,A:A,B:B,A:B,A:B,A:B,A:B,B:B,A:B,A:B
18,A:A,B:B,A:A,A:A,A:A,B:B,A:B,A:A,A:A,B:B,A:B,A:A,A:A,A:A,B:B,A:B,B:B,B:B,A:B,A:A
18,A:A,A:A,A:A,B:B,A:A,B:B,A:A,B:B,A:A,B:B,A:B,A:A,B:B,A:A,A:B,A:B,A:B,B:B,A:A,A:B
18,A:B,A:A,A:A,A:B,A:B,B:B,A:B,A:A,A:A,B:B,A:B,A:A,B:B,A:A,A:A,A:A,A:B,B:B,A:A,A:B
18,A:B,A:A,A:B,B:B,A:B,B:B,B:B,A:A,A:A,B:B,A:A,A:A,B:B,A:A,A:B,A:B,A:B,B:B,A:B,A:B
18,A:A,A:B,A:A,A:B,A:A,B:B,A:B,A:B,A:A,B:B,A:B,A:A,A:B,A:A,A:B,A:A,B:B,B:B,A:B,A:A
18,A:A,B:B,A:A,B:B,A:A,B:B,A:B,A:A,A:A,B:B,A:B,A:A,B:B,B:B,B:B,A:B,A:B,B:B,A:A,B:B
18,A:A,A:B,A:A,A:B,A:B,B:B,A:B,A:B,A:A,B:B,A:B,A:A,B:B,A:A,A:B,A:A,B:B,B:B,A:B,A:A
18,A:A,B:B,A:A,B:B,A:B,B:B,A:B,A:B,A:A,B:B,B:B,A:A,B:B,A:B,A:B,A:A,A:B,B:B,A:B,A:B
18,A:B,A:B,A:A,B:B,A:B,B:B,A:B,A:A,A:A,B:B,A:A,A:A,B:B,A:A,A:B,A:A,B:B,B:B,A:B,A:A
18,A:A,A:B,A:A,B:B,B:B,B:B,A:B,A:B,A:A,B:B,A:B,A:A,B:B,A:B,A:A,A:A,A:B,B:B,B:B,A:A
18,A:A,B:B,A:A,B:B,B:B,B:B,A:B,A:B,A:A,B:B,A:A,A:A,B:B,A:B,A:B,A:A,A:B,B:B,A:A,A:A
18,B:B,B:B,A:A,B:B,A:A,B:B,A:A,A:A,A:A,B:B,B:B,A:A,B:B,A:B,A:B,A:A,A:B,B:B,A:B,A:A
18,A:A,A:B,A:A,B:B,A:B,B:B,A:B,A:B,A:A,B:B,A:B,A:A,A:B,A:B,B:B,A:A,A:B,B:B,A:B,A:A
18,A:A,B:B,A:A,B:B,A:B,B:B,A:B,A:B,A:A,A:B,B:B,A:A,B:B,B:B,A:A,B:B,A:A,B:B,A:A,A:B
18,A:A,A:B,A:A,B:B,A:A,B:B,A:B,A:A,A:A,B:B,B:B,A:A,A:B,A:B,B:B,A:A,A:A,B:B,A:B,A:B
18,A:A,B:B,A:A,A:B,B:B,B:B,A:B,A:A,A:A,B:B,A:A,A:A,B:B,A:B,B:B,A:A,A:A,B:B,B:B,A:B
18,A:B,A:A,A:A,B:B,A:A,B:B,A:A,A:A,A:A,B:B,A:A,A:A,B:B,A:B,A:B,A:A,A:B,B:B,A:B,A:B
18,A:A,A:B,A:A,B:B,A:A,B:B,B:B,A:A,A:A,A:B,A:A,A:A,B:B,A:A,A:B,A:A,B:B,B:B,A:A,A:B
18,A:A,A:A,A:A,B:B,B:B,B:B,A:B,A:A,A:A,B:B,A:B,A:A,A:B,A:A,A:B,A:A,B:B,B:B,A:B,A:A
18,A:B,B:B,A:A,B:B,B:B,B:B,A:A,A:A,A:A,B:B,A:A,A:A,B:B,A:A,A:B,A:B,A:B,B:B,A:B,A:B
18,A:A,A:A,A:A,B:B,A:B,B:B,A:B,B:B,A:A,A:B,A:A,A:A,B:B,A:A,A:B,A:A,A:B,B:B,A:B,A:A
18,A:B,A:B,A:B,A:B,A:B,B:B,A:A,A:A,A:A,B:B,A:B,A:A,B:B,A:A,B:B,A:A,A:B,B:B,A:B,A:A
18,A:A,A:A,A:B,B:B,A:B,B:B,A:A,A:A,A:A,A:B,A:B,A:A,B:B,A:A,A:B,A:A,A:B,B:B,A:B,A:A
18,A:A,B:B,A:A,A:B,A:B,B:B,A:B,A:A,A:A,B:B,A:A,A:A,B:B,A:B,A:B,A:A,A:A,B:B,A:A,A:B
18,A:A,A:B,A:A,A:B,A:B,B:B,A:B,A:B,A:A,B:B,B:B,A:A,B:B,A:A,B:B,A:B,B:B,B:B,A:A,A:A
18,A:A,A:A,A:A,B:B,A:B,B:B,B:B,A:B,A:A,A:B,A:A,A:A,B:B,A:B,A:B,A:A,A:B,B:B,A:B,A:B
18,A:B,A:A,A:A,B:B,B:B,B:B,B:B,A:B,A:A,A:B,A:A,A:A,A:B,A:B,A:B,A:B,A:B,B:B,A:A,A:B
18,A:A,A:B,A:A,A:B,A:B,B:B,A:B,A:B,A:A,B:B,A:B,A:A,B:B,A:B,B:B,A:A,A:B,B:B,A:B,B:B
19,A:A,A:B,A:A,B:B,A:A,B:B,A:B,A:A,A:A,B:B,A:B,A:A,A:B,A:B,B:B,A:A,B:B,B:B,A:B,A:B
19,A:A,A:B,A:B,A:A,A:B,B:B,A:A,A:A,A:A,B:B,A:A,A:B,B:B,A:A,B:B,A:A,A:B,B:B,A:A,A:A
19,A:A,B:B,A:A,A:A,A:B,B:B,A:B,A:B,A:B,B:B,A:B,A:A,B:B,B:B,B:B,A:A,A:B,B:B,A:B,A:B
19,A:A,A:B,A:A,B:B,A:B,B:B,A:B,A:B,A:B,B:B,A:B,A:B,B:B,A:A,A:A,A:A,A:B,B:B,A:B,A:A
19,A:A,B:B,A:B,B:B,A:B,B:B,B:B,A:A,B:B,B:B,A:B,A:B,B:B,A:B,B:B,A:B,A:B,B:B,A:B,A:B
19,A:B,B:B,A:A,B:B,A:A,B:B,A:B,A:A,A:B,A:A,A:A,A:A,B:B,A:B,A:A,A:A,B:B,B:B,A:A,A:B
19,A:A,A:B,A:A,B:B,A:B,B:B,A:B,A:A,A:A,B:B,B:B,A:A,B:B,A:B,B:B,A:B,A:B,B:B,A:A,A:A
19,A:B,A:B,A:B,A:B,A:B,B:B,A:B,A:A,A:B,B:B,A:B,A:B,B:B,B:B,A:A,A:A,B:B,B:B,A:A,B:B
19,A:B,A:B,A:A,B:B,A:A,B:B,A:A,A:A,B:B,B:B,B:B,A:A,B:B,A:B,A:B,A:A,B:B,B:B,B:B,B:B
19,A:A,A:B,A:B,A:B,B:B,B:B,B:B,A:A,A:B,B:B,B:B,A:B,B:B,A:A,B:B,A:A,A:B,B:B,A:B,B:B
19,A:A,A:B,A:A,A:B,A:B,B:B,A:A,A:A,A:B,B:B,B:B,A:A,B:B,A:B,A:B,A:A,A:B,B:B,B:B,A:A
19,A:A,A:A,A:A,B:B,A:B,B:B,A:B,A:A,A:A,B:B,B:B,A:B,B:B,A:A,B:B,A:A,A:B,B:B,B:B,A:B
19,A:A,A:A,A:A,B:B,A:B,B:B,B:B,A:A,B:B,B:B,A:B,A:A,B:B,A:B,A:A,A:A,A:A,B:B,A:B,A:B
19,A:A,B:B,A:B,B:B,A:A,B:B,B:B,A:A,A:B,B:B,B:B,B:B,B:B,A:B,A:A,A:A,A:B,B:B,B:B,A:B
19,A:A,B:B,A:A,B:B,B:B,B:B,A:A,A:A,A:A,B:B,B:B,B:B,B:B,A:B,B:B,A:B,A:B,B:B,A:A,B:B
19,A:B,A:B,A:A,B:B,A:B,B:B,A:A,A:A,A:A,B:B,A:B,A:A,B:B,A:B,A:A,A:A,A:B,B:B,A:B,B:B
19,A:B,A:B,A:A,B:B,A:B,B:B,A:B,A:B,A:B,B:B,A:A,A:B,B:B,A:A,A:B,A:A,A:A,B:B,A:B,B:B
19,A:A,B:B,A:B,B:B,A:B,B:B,A:B,A:A,A:B,B:B,B:B,A:A,B:B,B:B,B:B,A:A,A:A,B:B,B:B,A:B
19,A:A,A:A,A:A,B:B,B:B,B:B,A:A,A:A,B:B,B:B,A:B,A:B,B:B,A:B,A:B,A:A,A:A,B:B,B:B,A:B
19,A:A,A:B,A:B,B:B,A:B,B:B,A:B,A:A,A:A,B:B,A:B,A:A,B:B,A:B,A:B,A:B,B:B,B:B,A:B,B:B
19,A:A,A:B,A:A,A:B,A:A,B:B,A:A,A:A,A:B,B:B,A:B,A:A,B:B,A:A,A:B,A:A,B:B,B:B,A:B,B:B
19,A:A,A:B,A:A,A:B,B:B,B:B,A:B,A:A,A:B,B:B,B:B,A:B,A:B,A:B,B:B,A:A,B:B,B:B,A:B,A:B
19,A:A,A:B,A:B,B:B,A:B,B:B,A:B,A:B,A:B,B:B,B:B,A:B,B:B,A:B,B:B,A:A,A:B,B:B,A:B,B:B
19,A:A,A:B,A:B,B:B,B:B,B:B,A:B,A:A,B:B,B:B,B:B,A:B,B:B,A:B,A:B,B:B,A:B,B:B,A:B,B:B
19,A:A,B:B,A:A,A:B,A:A,B:B,A:A,A:B,A:B,B:B,B:B,A:B,B:B,A:B,A:B,A:A,B:B,B:B,A:B,A:B
19,A:B,A:B,A:A,A:B,A:B,B:B,A:B,A:A,B:B,B:B,A:B,A:A,B:B,A:B,A:B,A:B,A:B,B:B,B:B,A:A
19,A:A,B:B,A:B,B:B,A:B,B:B,A:B,A:A,B:B,B:B,A:A,A:A,B:B,B:B,B:B,A:A,A:B,B:B,A:B,B:B
19,A:B,A:B,A:A,A:B,A:B,B:B,A:B,A:A,B:B,B:B,A:A,A:A,B:B,A:A,A:A,A:A,A:B,B:B,A:B,A:A
19,A:B,A:B,A:A,A:B,B:B,B:B,A:A,A:A,B:B,B:B,A:B,A:B,B:B,A:B,A:B,A:A,B:B,B:B,B:B,B:B
19,B:B,A:B,A:A,B:B,B:B,B:B,A:A,A:A,A:B,B:B,B:B,A:B,B:B,A:B,B:B,A:A,A:B,B:B,B:B,A:A
19,A:A,A:B,A:B,A:B,B:B,B:B,A:B,A:B,A:A,B:B,B:B,A:B,B:B,B:B,B:B,A:A,A:B,B:B,B:B,B:B
19,A:B,A:A,A:A,A:B,A:B,B:B,A:B,A:A,A:B,B:B,A:B,A:B,B:B,A:B,A:A,A:A,B:B,B:B,B:B,B:B
19,A:A,A:B,A:A,A:B,A:A,B:B,A:A,A:A,A:A,A:B,B:B,B:B,B:B,A:A,B:B,A:A,B:B,B:B,A:B,A:A
19,A:B,A:A,A:A,B:B,A:B,B:B,A:A,A:A,B:B,B:B,A:A,A:B,B:B,A:A,A:A,A:A,B:B,B:B,B:B,B:B
19,A:B,B:B,A:A,B:B,A:A,B:B,A:B,A:A,A:B,B:B,A:A,A:A,B:B,B:B,A:B,A:A,A:B,B:B,A:B,A:B
19,A:A,B:B,A:A,A:A,A:A,B:B,A:A,A:A,A:B,A:B,A:B,A:B,B:B,A:A,A:A,A:A,B:B,B:B,A:B,A:B
19,A:A,A:B,A:B,A:B,B:B,B:B,A:B,A:A,A:B,B:B,A:B,A:A,B:B,B:B,A:A,A:A,A:A,B:B,B:B,A:B
19,A:A,B:B,A:A,A:B,A:B,B:B,A:A,A:A,B:B,B:B,A:B,A:A,B:B,B:B,A:B,A:A,A:B,B:B,A:B,B:B
19,A:B,B:B,A:A,B:B,B:B,B:B,A:B,A:A,B:B,B:B,A:B,A:A,B:B,A:A,A:B,A:A,A:B,B:B,B:B,A:B
19,A:B,A:B,A:A,B:B,A:B,B:B,A:B,A:A,B:B,B:B,A:B,A:A,B:B,A:A,B:B,A:A,A:B,B:B,A:B,B:B
19,A:B,A:B,A:A,B:B,A:A,B:B,A:B,A:B,B:B,B:B,A:A,A:A,B:B,A:B,A:A,A:A,B:B,B:B,A:B,B:B
19,A:B,B:B,A:A,B:B,A:A,B:B,A:A,A:A,A:B,B:B,A:A,A:A,B:B,B:B,A:B,A:A,B:B,B:B,B:B,B:B
19,A:A,A:B,A:B,A:A,A:A,B:B,B:B,A:B,B:B,B:B,A:A,A:B,B:B,B:B,A:B,A:A,B:B,B:B,A:B,A:B
19,A:A,A:B,A:A,A:B,B:B,B:B,A:A,A:A,A:A,B:B,B:B,A:A,B:B,A:B,A:A,A:A,A:B,B:B,B:B,B:B
19,A:A,A:B,A:A,B:B,A:B,B:B,A:A,A:A,A:B,B:B,A:B,A:B,B:B,A:B,A:A,A:A,B:B,B:B,A:A,A:B
19,A:A,A:B,A:A,A:B,A:B,B:B,A:A,A:A,A:A,B:B,B:B,B:B,B:B,A:B,B:B,A:A,B:B,B:B,B:B,B:B
19,A:A,A:B,A:B,B:B,A:B,B:B,A:B,A:A,A:B,B:B,B:B,A:A,B:B,B:B,B:B,A:A,B:B,B:B,A:B,B:B
19,A:B,A:A,A:A,B:B,A:B,B:B,A:B,A:A,B:B,B:B,B:B,A:B,B:B,A:A,A:A,A:B,A:A,B:B,B:B,A:B
19,A:B,A:B,A:A,B:B,A:B,B:B,A:B,A:B,A:A,A:B,A:B,A:B,B:B,A:B,B:B,A:A,A:A,B:B,B:B,B:B
19,A:B,A:B,A:A,A:B,B:B,B:B,A:B,A:A,A:A,B:B,A:B,A:A,B:B,A:B,A:A,A:A,A:B,B:B,B:B,A:B
19,A:A,A:B,A:A,B:B,A:B,B:B,A:B,A:A,A:B,B:B,B:B,A:A,B:B,A:A,A:B,A:B,A:B,B:B,B:B,B:B
19,A:A,A:A,A:B,B:B,B:B,B:B,B:B,A:A,B:B,B:B,B:B,A:B,B:B,A:A,A:B,A:A,A:A,B:B,B:B,A:B
19,A:B,B:B,A:A,B:B,A:B,B:B,A:B,A:A,A:B,B:B,B:B,A:B,B:B,A:B,A:B,A:A,A:B,B:B,A:B,A:A
19,A:A,A:B,A:A,B:B,A:B,B:B,A:B,A:A,B:B,B:B,A:B,A:A,B:B,B:B,B:B,A:B,A:B,B:B,B:B,B:B
19,A:A,B:B,A:B,B:B,B:B,B:B,A:B,A:A,A:B,B:B,A:B,A:A,B:B,A:B,B:B,B:B,A:B,B:B,A:B,A:B
19,A:A,B:B,A:A,A:A,A:B,B:B,A:B,A:A,A:B,B:B,A:B,A:A,B:B,A:B,A:A,A:A,A:A,B:B,B:B,A:B
19,A:B,A:B,A:A,B:B,A:A,B:B,B:B,A:A,B:B,B:B,A:B,B:B,B:B,A:B,A:B,A:A,A:B,B:B,A:B,A:B
19,A:B,B:B,A:A,A:B,A:B,B:B,A:A,A:A,B:B,B:B,A:B,A:A,B:B,A:A,A:B,A:A,A:B,B:B,A:B,A:A
19,A:A,B:B,A:A,A:A,A:A,B:B,A:A,A:A,A:A,B:B,B:B,A:B,A:B,A:B,A:B,A:A,A:B,B:B,A:B,A:B
19,A:A,B:B,A:A,B:B,A:B,B:B,A:A,A:A,A:A,B:B,A:A,A:A,B:B,A:A,A:B,A:A,B:B,B:B,A:B,A:B
19,A:A,A:B,A:A,A:B,A:A,B:B,A:A,A:A,A:A,B:B,B:B,A:A,B:B,A:A,B:B,A:B,A:B,B:B,A:B,A:B
19,A:B,A:B,A:A,A:A,A:B,B:B,A:B,A:A,A:B,B:B,B:B,B:B,B:B,A:B,A:B,A:A,B:B,B:B,B:B,B:B
19,A:A,A:A,A:B,A:B,B:B,B:B,A:B,A:A,A:B,B:B,A:B,A:A,B:B,A:B,A:B,A:A,B:B,B:B,A:B,A:B
19,A:B,A:A,A:A,B:B,A:B,B:B,B:B,A:A,A:B,B:B,A:B,A:B,B:B,A:B,A:B,A:A,A:B,B:B,A:B,A:B
19,A:B,A:A,A:A,B:B,A:A,B:B,A:B,A:A,A:B,B:B,A:A,A:A,B:B,A:B,A:A,A:A,A:B,B:B,A:B,B:B
19,A:B,A:B,A:A,B:B,A:B,B:B,A:B,A:A,B:B,B:B,A:B,A:A,B:B,B:B,A:B,A:A,A:B,B:B,A:A,B:B
19,A:B,A:B,A:A,A:B,B:B,B:B,A:B,A:A,A:B,B:B,B:B,A:A,A:B,A:B,B:B,A:A,A:A,B:B,A:B,A:A
19,A:A,A:B,A:A,B:B,A:B,B:B,A:A,A:A,B:B,B:B,B:B,A:B,B:B,A:B,A:B,A:A,B:B,B:B,A:A,A:B
19,A:B,B:B,A:A,B:B,A:B,B:B,B:B,A:A,B:B,B:B,B:B,A:A,A:B,A:A,A:A,A:A,B:B,B:B,A:B,A:B
19,A:A,A:B,A:A,B:B,B:B,B:B,A:B,A:A,B:B,B:B,A:B,A:A,B:B,B:B,B:B,A:B,B:B,B:B,B:B,B:B
19,A:A,B:B,A:A,A:B,A:B,B:B,A:B,A:A,B:B,B:B,A:A,A:B,B:B,A:B,B:B,A:A,A:B,B:B,A:B,B:B
19,A:B,B:B,A:A,A:A,A:B,B:B,B:B,A:A,A:A,B:B,A:B,A:A,B:B,A:B,A:B,A:A,A:A,B:B,A:B,B:B
19,A:A,A:B,A:A,A:B,A:B,B:B,A:B,A:A,A:B,B:B,B:B,A:B,A:B,B:B,A:B,A:B,B:B,B:B,B:B,B:B
19,A:A,A:B,A:A,B:B,A:B,B:B,A:B,A:A,A:B,B:B,A:B,A:A,B:B,A:A,A:B,A:A,A:A,B:B,A:B,B:B
19,A:B,B:B,A:B,A:B,A:A,B:B,A:B,A:A,A:A,B:B,A:A,A:A,B:B,A:B,A:A,A:A,B:B,B:B,B:B,B:B
19,A:A,A:B,A:B,A:B,A:B,B:B,B:B,A:A,B:B,B:B,A:B,B:B,B:B,A:B,A:B,A:A,A:A,B:B,A:A,B:B
19,A:A,A:B,A:A,B:B,A:B,B:B,B:B,A:A,B:B,B:B,A:A,A:A,A:B,A:B,B:B,A:A,A:B,B:B,A:B,A:B
19,A:A,B:B,A:A,B:B,B:B,B:B,A:B,A:A,B:B,B:B,A:B,A:B,B:B,A:B,A:B,A:A,A:B,B:B,A:B,A:B
19,A:A,B:B,A:A,A:B,A:B,B:B,A:B,A:B,A:B,B:B,B:B,A:A,B:B,A:B,A:A,A:A,A:B,B:B,A:B,A:B
19,B:B,A:A,A:A,A:B,A:B,B:B,B:B,A:A,A:B,B:B,A:A,B:B,B:B,A:B,A:A,A:A,B:B,B:B,A:B,A:B
19,A:A,B:B,A:A,B:B,A:B,B:B,A:B,A:A,A:B,B:B,A:B,A:A,B:B,B:B,B:B,A:B,B:B,B:B,A:B,B:B
19,A:B,A:A,A:A,B:B,A:B,B:B,B:B,A:A,A:A,B:B,A:B,A:A,B:B,A:B,A:B,A:A,B:B,B:B,A:B,A:B
19,A:B,A:B,A:A,B:B,A:B,B:B,A:A,A:A,A:A,B:B,B:B,A:A,B:B,B:B,A:B,A:A,A:B,B:B,A:B,B:B
19,A:B,B:B,A:B,A:B,A:B,B:B,A:A,A:A,B:B,A:B,A:B,A:A,B:B,A:B,A:B,A:A,B:B,B:B,A:A,A:B
19,A:A,A:A,A:A,A:B,B:B,B:B,A:B,A:A,B:B,B:B,B:B,A:B,B:B,A:A,A:B,A:A,A:B,B:B,A:B,A:B
19,A:A,B:B,A:A,A:B,A:A,B:B,A:B,A:A,A:B,B:B,A:A,A:B,A:B,A:B,A:A,A:A,A:B,B:B,A:A,B:B
19,A:A,B:B,A:A,A:B,B:B,B:B,A:B,A:B,A:B,B:B,B:B,B:B,B:B,B:B,A:B,A:B,A:A,B:B,B:B,B:B
19,A:B,A:B,A:A,B:B,B:B,B:B,A:B,A:A,A:B,B:B,A:B,A:B,A:B,A:A,A:B,A:A,A:A,B:B,A:A,A:A
19,A:A,B:B,A:A,A:A,B:B,B:B,A:B,A:A,A:B,B:B,B:B,A:A,B:B,A:B,A:A,A:A,A:A,B:B,A:B,A:A
19,A:A,A:B,A:B,B:B,A:B,B:B,A:B,A:A,B:B,B:B,A:B,A:B,B:B,A:A,A:B,A:A,A:A,B:B,A:B,B:B
19,A:B,A:B,A:A,A:B,A:B,B:B,A:B,A:A,B:B,B:B,A:B,A:A,B:B,A:B,A:B,A:A,A:B,B:B,A:B,B:B
19,A:A,A:B,A:A,A:B,A:B,B:B,A:B,A:A,A:B,B:B,A:B,A:A,B:B,A:B,A:B,A:A,A:B,B:B,A:B,A:B
19,A:B,B:B,A:A,B:B,A:B,B:B,A:A,A:A,A:B,B:B,A:A,A:B,B:B,A:B,A:B,A:A,A:B,B:B,B:B,B:B
19,A:A,B:B,A:A,B:B,B:B,B:B,A:A,A:A,A:B,B:B,A:B,A:A,B:B,A:A,A:B,A:A,A:B,B:B,A:B,B:B
19,A:B,B:B,A:A,A:B,A:B,B:B,A:B,A:A,A:B,B:B,A:B,A:A,B:B,A:B,A:B,A:A,A:A,B:B,A:B,A:A
19,A:B,B:B,A:A,A:B,A:B,B:B,A:B,A:A,A:A,B:B,A:B,A:B,B:B,A:B,B:B,A:A,A:A,B:B,B:B,A:B
19,A:B,A:A,A:A,B:B,A:A,B:B,B:B,A:A,A:B,B:B,A:B,A:A,B:B,A:B,A:A,A:A,B:B,B:B,B:B,B:B
19,A:B,B:B,A:A,A:B,A:B,B:B,A:A,A:B,A:A,B:B,A:B,A:A,B:B,A:B,B:B,A:A,A:A,B:B,A:B,B:B
19,A:A,B:B,A:A,A:A,A:A,B:B,B:B,A:A,A:B,B:B,B:B,A:B,B:B,B:B,A:B,A:A,A:B,B:B,A:B,B:B
19,A:B,B:B,A:A,A:B,A:A,B:B,B:B,A:A,B:B,B:B,B:B,B:B,B:B,A:B,A:B,A:A,B:B,B:B,A:B,A:A
20,A:B,A:A,A:B,A:B,A:A,B:B,A:B,B:B,A:B,A:B,A:B,A:A,B:B,A:B,A:B,A:A,A:A,B:B,B:B,A:B
20,A:A,B:B,A:A,B:B,B:B,B:B,A:A,A:B,B:B,B:B,A:B,A:B,B:B,B:B,A:A,A:A,A:A,B:B,A:B,B:B
20,A:A,B:B,A:A,A:B,B:B,B:B,A:A,A:B,A:A,B:B,A:A,A:A,B:B,A:A,A:A,A:A,A:B,B:B,B:B,B:B
20,A:A,A:B,A:A,B:B,B:B,B:B,B:B,A:B,A:B,B:B,A:A,A:A,B:B,A:A,A:A,A:A,A:B,B:B,A:A,A:A
20,A:B,A:A,A:A,B:B,B:B,B:B,A:B,A:B,B:B,B:B,A:B,A:A,A:A,A:A,A:A,A:A,A:A,B:B,A:B,A:B
20,A:A,A:A,A:A,A:B,A:B,B:B,A:B,B:B,B:B,B:B,A:A,A:B,B:B,A:B,B:B,A:A,B:B,B:B,A:B,B:B
20,A:B,B:B,A:A,A:B,B:B,B:B,A:B,A:A,A:B,B:B,A:A,A:A,B:B,B:B,A:A,A:A,A:B,B:B,A:B,A:B
20,A:A,A:B,A:A,A:B,B:B,B:B,A:B,A:B,B:B,B:B,A:A,A:A,B:B,A:B,A:A,A:B,A:A,B:B,A:A,A:B
20,A:A,B:B,A:A,A:B,A:B,B:B,A:B,A:A,A:B,B:B,A:A,A:A,B:B,B:B,A:B,A:A,A:B,B:B,A:B,B:B
20,A:B,A:B,A:A,A:B,B:B,B:B,B:B,A:A,A:B,B:B,A:B,A:B,B:B,A:B,A:A,A:A,A:A,B:B,B:B,A:B
20,A:A,A:B,A:A,A:A,A:B,B:B,A:B,A:A,A:B,B:B,A:A,A:A,B:B,A:A,A:A,A:A,B:B,B:B,A:B,B:B
20,A:B,A:B,A:A,B:B,B:B,B:B,A:B,A:A,A:B,B:B,A:B,A:A,A:A,A:A,A:B,A:A,A:B,B:B,A:B,A:B
20,A:A,A:B,A:A,A:A,B:B,B:B,A:B,A:A,A:B,A:B,A:A,A:A,B:B,A:B,A:B,A:A,A:B,B:B,B:B,A:B
20,A:B,A:A,A:A,A:B,A:B,B:B,A:B,A:A,B:B,B:B,A:A,A:A,B:B,B:B,A:B,A:A,B:B,B:B,A:A,B:B
20,B:B,B:B,A:A,A:B,A:B,B:B,B:B,A:B,B:B,B:B,A:A,A:A,B:B,A:B,A:B,A:A,A:A,B:B,B:B,A:B
20,A:B,A:A,A:A,A:B,B:B,B:B,B:B,A:B,B:B,B:B,A:A,A:B,B:B,A:B,A:A,A:A,A:B,B:B,B:B,B:B
20,A:A,B:B,A:A,B:B,B:B,B:B,A:B,A:B,A:B,B:B,A:A,A:A,B:B,A:B,A:A,A:A,B:B,B:B,A:B,A:B
20,A:B,A:B,A:A,A:B,A:B,B:B,A:B,A:A,A:B,B:B,A:A,A:A,B:B,A:B,A:A,A:A,A:B,B:B,A:B,A:B
20,A:A,A:B,A:A,A:A,B:B,B:B,B:B,A:B,A:B,B:B,A:A,A:A,A:B,B:B,B:B,A:A,A:B,B:B,A:B,B:B
20,A:B,A:B,A:B,A:B,B:B,B:B,A:B,A:A,A:B,B:B,A:A,A:A,B:B,B:B,A:A,A:A,A:A,B:B,A:B,B:B
20,A:B,A:B,A:A,A:A,A:B,B:B,B:B,A:A,A:B,B:B,A:A,A:A,B:B,A:B,A:A,A:A,A:B,B:B,A:B,B:B
20,A:A,A:A,A:A,A:B,A:B,B:B,A:B,A:A,B:B,B:B,A:A,A:A,B:B,A:A,A:B,A:A,A:B,B:B,A:B,B:B
20,A:A,A:B,A:A,A:B,B:B,B:B,A:B,A:A,A:B,B:B,A:A,A:A,A:B,A:B,A:B,B:B,A:B,B:B,B:B,B:B
20,A:A,B:B,A:A,A:B,B:B,B:B,A:B,A:A,B:B,B:B,A:B,A:A,B:B,A:A,A:A,A:A,A:B,B:B,A:B,A:B
20,A:A,A:A,A:A,A:B,B:B,B:B,A:B,A:B,B:B,B:B,A:B,A:A,B:B,A:B,A:B,A:A,B:B,B:B,A:B,A:B
20,A:A,A:A,A:A,A:B,B:B,B:B,A:B,A:A,A:A,B:B,A:A,A:A,B:B,A:A,A:A,A:B,A:B,B:B,A:B,A:B
20,A:B,A:A,A:A,A:B,A:A,B:B,A:B,A:A,B:B,B:B,A:A,A:B,B:B,A:B,A:A,A:A,A:B,B:B,A:B,B:B
20,A:A,A:A,A:A,A:B,A:B,B:B,A:B,A:A,B:B,A:B,A:A,A:A,B:B,A:B,A:A,A:A,A:B,B:B,A:B,B:B
20,A:B,A:B,A:A,B:B,A:B,B:B,A:B,A:A,A:B,B:B,A:A,A:A,B:B,A:B,A:B,A:A,A:A,B:B,A:B,B:B
20,A:A,A:B,A:B,A:B,A:B,B:B,A:A,A:B,B:B,A:A,A:A,A:A,B:B,B:B,A:A,A:A,B:B,B:B,A:A,B:B
20,A:A,A:B,A:A,A:B,A:B,B:B,B:B,B:B,A:B,B:B,A:B,A:A,B:B,A:B,A:A,A:B,B:B,B:B,A:A,A:B
20,A:A,B:B,A:A,B:B,B:B,B:B,B:B,A:A,B:B,B:B,A:A,A:A,A:B,B:B,A:A,A:A,B:B,B:B,A:B,A:B
20,A:A,A:B,A:A,B:B,A:B,B:B,B:B,B:B,A:B,B:B,A:A,A:A,B:B,B:B,A:B,A:A,A:B,B:B,A:B,A:B
20,A:A,A:B,A:A,A:B,B:B,B:B,B:B,A:B,B:B,B:B,A:B,A:A,B:B,A:B,A:B,A:A,B:B,B:B,A:B,B:B
20,A:B,A:A,A:A,B:B,A:B,B:B,B:B,A:A,A:B,B:B,A:A,A:A,A:B,A:A,A:A,A:A,A:B,B:B,B:B,A:B
20,A:B,A:B,A:A,A:B,B:B,B:B,B:B,A:B,A:B,B:B,A:A,A:A,A:B,B:B,A:A,A:A,A:B,B:B,B:B,A:B
20,A:A,B:B,A:A,B:B,B:B,B:B,B:B,B:B,A:B,B:B,A:A,A:B,B:B,B:B,A:B,A:B,B:B,B:B,A:A,B:B
20,A:B,B:B,A:A,B:B,A:B,B:B,A:A,A:B,A:A,B:B,A:A,A:A,A:B,A:B,A:B,A:A,A:A,B:B,A:B,A:B
20,A:B,A:B,A:A,B:B,A:B,B:B,B:B,A:A,B:B,B:B,A:A,A:A,B:B,A:B,A:A,A:A,A:B,B:B,A:B,A:A
20,A:A,A:B,A:A,B:B,B:B,B:B,A:B,A:B,B:B,B:B,A:A,A:A,B:B,A:B,A:A,A:B,B:B,B:B,A:B,B:B
20,B:B,B:B,A:A,B:B,B:B,B:B,B:B,A:B,B:B,B:B,A:B,A:A,B:B,A:B,A:B,A:B,A:A,B:B,A:A,A:B
20,A:A,A:A,A:B,B:B,B:B,B:B,B:B,A:A,B:B,B:B,A:A,A:A,A:B,A:B,B:B,A:A,A:B,B:B,B:B,B:B
20,A:A,A:B,A:A,A:B,A:B,B:B,B:B,A:A,B:B,B:B,A:A,A:A,B:B,A:B,A:A,A:A,A:B,B:B,A:B,B:B
20,A:A,A:A,A:A,A:B,B:B,B:B,A:B,A:B,A:B,A:B,A:A,A:A,B:B,A:A,B:B,A:A,A:A,B:B,A:B,B:B
20,A:B,A:B,A:A,A:B,B:B,B:B,A:A,B:B,A:B,A:B,A:A,A:A,B:B,B:B,A:A,A:A,A:B,B:B,A:A,B:B
20,A:B,A:B,A:A,B:B,B:B,B:B,B:B,A:B,A:A,A:B,A:B,A:A,A:B,A:B,A:B,A:A,A:A,B:B,A:A,B:B
20,A:A,A:B,A:A,B:B,B:B,B:B,A:B,A:A,A:A,B:B,A:A,A:A,A:B,A:B,A:A,A:A,A:B,B:B,A:A,B:B
20,A:A,A:B,A:A,A:B,B:B,B:B,A:B,A:B,A:B,B:B,A:B,A:A,B:B,A:B,B:B,A:A,A:B,B:B,B:B,A:A
20,A:A,B:B,A:A,A:B,B:B,B:B,B:B,B:B,A:B,B:B,A:A,A:A,B:B,A:B,A:A,A:A,A:B,B:B,A:B,A:B
20,A:A,A:A,A:A,B:B,B:B,B:B,A:B,A:A,A:B,B:B,A:A,A:A,A:B,A:B,B:B,A:A,A:B,B:B,A:B,A:B
20,A:B,A:A,A:A,B:B,A:B,B:B,A:B,A:B,B:B,B:B,A:A,A:A,B:B,A:A,A:B,A:A,B:B,B:B,B:B,B:B
20,A:A,B:B,A:A,B:B,B:B,B:B,B:B,A:A,B:B,B:B,A:A,A:A,A:B,A:B,A:A,A:A,B:B,B:B,A:B,B:B
20,A:A,A:A,A:A,A:B,B:B,B:B,A:A,A:B,B:B,B:B,A:A,A:A,B:B,B:B,A:B,A:A,A:A,B:B,A:A,B:B
20,A:A,B:B,A:A,A:A,A:B,B:B,A:B,A:B,B:B,B:B,A:A,A:A,B:B,B:B,A:B,A:B,A:A,B:B,A:B,B:B
20,A:A,B:B,A:A,B:B,A:B,B:B,B:B,A:A,A:B,B:B,A:A,A:A,B:B,A:B,A:B,A:A,B:B,B:B,A:A,A:B
20,A:A,B:B,A:A,B:B,B:B,B:B,B:B,A:A,A:B,B:B,A:B,A:A,B:B,A:B,A:A,A:A,A:A,B:B,A:A,A:B
20,A:A,A:A,A:A,A:B,A:B,B:B,B:B,A:A,A:B,B:B,A:A,A:B,A:B,A:B,A:B,A:A,A:B,B:B,A:B,A:B
20,A:A,A:B,A:A,B:B,A:B,B:B,A:B,A:A,A:B,B:B,A:A,A:A,A:B,B:B,B:B,A:A,A:B,B:B,A:B,A:B
20,A:A,A:B,A:A,B:B,B:B,B:B,A:B,A:A,B:B,B:B,A:A,A:B,B:B,B:B,A:A,A:B,A:B,B:B,A:B,A:A
20,B:B,A:A,A:A,A:A,B:B,B:B,B:B,A:B,B:B,B:B,A:A,A:A,B:B,A:B,A:B,A:A,A:B,B:B,A:B,B:B
20,A:A,B:B,A:A,B:B,B:B,B:B,A:B,A:B,B:B,B:B,A:A,A:B,B:B,B:B,A:B,A:A,A:B,B:B,A:B,A:B
20,A:B,A:A,A:A,A:A,A:B,B:B,A:B,A:B,B:B,B:B,A:A,A:A,B:B,A:B,A:B,A:B,A:A,B:B,A:B,B:B
20,B:B,A:B,A:A,A:A,B:B,B:B,A:B,A:A,B:B,B:B,A:A,A:A,B:B,A:B,A:B,A:A,B:B,B:B,A:B,B:B
20,A:A,A:B,A:A,B:B,B:B,B:B,B:B,A:A,B:B,B:B,A:A,A:B,A:B,A:A,A:B,A:A,A:B,B:B,A:A,B:B
20,A:A,A:B,A:A,A:B,B:B,B:B,A:B,B:B,B:B,B:B,A:A,A:A,B:B,A:B,A:B,A:A,B:B,B:B,A:B,A:A
20,A:A,A:A,A:A,B:B,A:B,B:B,B:B,A:B,B:B,B:B,A:A,A:B,B:B,A:B,A:B,A:A,A:B,B:B,A:B,B:B
20,A:A,A:A,A:A,B:B,A:B,B:B,B:B,B:B,B:B,B:B,A:A,A:A,B:B,B:B,B:B,A:A,A:B,B:B,B:B,A:B
20,A:A,A:B,A:A,A:B,A:B,B:B,B:B,A:B,A:B,B:B,A:A,A:B,B:B,A:B,B:B,A:A,B:B,B:B,A:B,A:B
20,A:A,A:A,A:A,B:B,B:B,B:B,B:B,A:A,A:A,B:B,A:A,A:A,A:B,B:B,A:A,A:A,A:B,B:B,A:B,B:B
20,A:B,A:B,A:A,B:B,B:B,B:B,A:B,A:A,A:A,B:B,A:A,A:A,A:B,A:A,A:A,A:B,A:B,B:B,A:B,A:B
20,A:B,A:B,A:A,A:B,B:B,B:B,B:B,A:A,B:B,B:B,A:A,A:A,B:B,B:B,A:A,A:A,B:B,B:B,B:B,A:B
20,A:A,A:B,A:A,B:B,B:B,B:B,B:B,A:A,A:B,B:B,A:A,A:B,B:B,A:B,A:A,A:A,A:B,B:B,A:A,A:A
20,B:B,A:A,A:A,B:B,B:B,B:B,A:B,A:A,A:B,B:B,A:A,A:A,B:B,A:A,A:B,A:A,A:B,B:B,A:B,B:B
20,A:A,B:B,A:A,A:A,A:B,B:B,B:B,A:A,B:B,B:B,A:A,A:A,A:B,A:B,A:A,A:A,B:B,B:B,A:A,A:B
20,A:B,A:B,A:A,B:B,A:B,B:B,B:B,A:B,A:B,B:B,A:A,A:A,B:B,A:B,A:A,A:A,A:B,B:B,B:B,A:B
20,A:A,A:B,A:A,B:B,A:B,B:B,A:B,A:B,A:B,B:B,A:A,A:A,A:B,A:A,A:A,A:B,A:A,B:B,A:B,A:A
20,A:B,A:B,A:A,A:B,B:B,B:B,B:B,A:A,B:B,B:B,A:A,A:A,B:B,A:A,A:B,A:A,A:B,B:B,A:B,A:B
20,B:B,A:A,A:A,A:B,A:B,B:B,B:B,B:B,B:B,B:B,A:B,A:A,B:B,A:A,A:A,A:A,A:B,B:B,B:B,B:B
20,A:B,A:B,A:A,A:A,B:B,B:B,A:B,A:A,A:B,B:B,A:A,A:A,A:B,B:B,A:B,A:A,B:B,B:B,A:B,A:A
20,A:A,A:B,A:B,A:B,A:B,B:B,B:B,A:B,B:B,B:B,A:A,A:A,B:B,A:B,B:B,A:A,A:A,B:B,A:B,A:B
20,A:B,A:B,A:A,A:A,B:B,B:B,B:B,A:A,B:B,B:B,A:A,A:A,B:B,B:B,A:A,A:B,B:B,B:B,A:B,B:B
20,A:A,A:B,A:A,A:B,B:B,B:B,B:B,A:A,A:B,B:B,A:A,A:A,B:B,A:B,A:A,A:A,A:B,B:B,A:B,B:B
20,A:A,A:A,A:A,A:B,B:B,B:B,B:B,B:B,A:B,B:B,A:B,A:A,B:B,A:B,A:B,A:A,B:B,B:B,B:B,B:B
20,A:B,A:B,A:A,A:B,B:B,B:B,A:B,B:B,A:B,B:B,A:A,A:A,B:B,A:B,A:B,A:A,B:B,B:B,A:B,B:B
20,A:A,B:B,A:A,B:B,B:B,B:B,B:B,A:B,A:B,B:B,A:A,A:B,A:B,A:A,B:B,A:A,A:B,B:B,A:B,B:B
20,A:B,B:B,A:A,B:B,B:B,B:B,A:B,A:B,B:B,B:B,A:A,A:A,B:B,A:A,A:A,A:A,A:A,B:B,A:B,B:B
20,A:A,B:B,A:A,A:B,B:B,B:B,B:B,A:A,A:B,B:B,A:B,A:A,A:B,A:B,A:B,A:A,A:B,B:B,B:B,B:B
20,B:B,B:B,A:A,B:B,A:A,B:B,A:B,A:B,A:A,B:B,A:A,A:A,B:B,B:B,A:A,A:A,A:A,B:B,B:B,A:B
20,A:A,A:B,A:A,B:B,A:B,B:B,B:B,A:B,A:B,B:B,A:A,A:B,B:B,A:B,A:B,A:A,A:B,B:B,B:B,A:B
20,A:B,A:B,A:A,B:B,B:B,B:B,B:B,A:A,A:B,B:B,A:A,A:A,B:B,A:B,A:A,A:A,A:B,B:B,B:B,A:A
20,A:B,B:B,A:A,A:B,B:B,B:B,B:B,A:B,A:A,B:B,A:A,A:A,B:B,A:A,A:A,A:B,A:B,B:B,B:B,A:B
20,A:A,B:B,A:A,B:B,B:B,B:B,B:B,A:A,A:B,B:B,A:A,A:A,B:B,A:B,A:A,A:A,A:B,B:B,B:B,A:B
20,B:B,B:B,A:A,B:B,A:B,B:B,A:B,A:A,A:A,B:B,A:A,A:A,A:B,A:B,A:A,A:A,B:B,B:B,B:B,B:B
20,A:B,A:A,A:A,B:B,B:B,B:B,A:B,A:B,B:B,B:B,A:A,A:A,B:B,A:B,A:A,A:A,A:A,B:B,A:B,B:B
20,A:B,B:B,A:A,B:B,A:B,B:B,B:B,B:B,B:B,A:B,A:A,A:A,B:B,A:B,A:A,A:A,A:A,B:B,A:B,A:B
20,A:B,A:B,A:A,B:B,A:B,B:B,A:B,A:B,A:B,B:B,A:A,A:B,B:B,A:A,A:A,A:A,A:A,B:B,A:B,B:B
20,A:B,B:B,A:A,B:B,A:A,B:B,A:B,A:A,B:B,B:B,A:A,A:A,B:B,B:B,A:B,A:A,A:B,B:B,A:B,A:B
20,A:B,A:A,A:A,B:B,A:A,B:B,B:B,A:A,A:B,B:B,A:A,A:A,B:B,A:A,A:A,A:A,B:B,B:B,B:B,A:B
20,A:A,A:B,A:B,A:B,A:A,B:B,B:B,A:B,A:B,B:B,A:A,A:B,B:B,A:A,A:B,A:B,A:B,B:B,B:B,A:B
20,A:A,A:A,A:A,A:B,B:B,B:B,B:B,A:A,A:B,B:B,A:A,A:A,B:B,A:B,A:A,A:A,A:A,B:B,A:B,A:B
21,A:B,A:B,A:A,B:B,B:B,B:B,A:B,A:A,A:B,B:B,A:A,A:A,B:B,A:B,A:A,A:A,A:B,B:B,B:B,A:B
21,A:B,B:B,A:A,A:B,B:B,B:B,A:B,A:A,A:B,B:B,A:A,A:A,B:B,A:B,A:A,A:A,B:B,B:B,B:B,B:B
21,A:A,A:A,A:B,A:B,A:B,B:B,B:B,A:B,B:B,A:B,A:A,A:A,B:B,A:B,A:B,A:B,A:B,B:B,A:B,A:A
21,A:A,B:B,A:A,A:A,B:B,B:B,A:B,A:B,A:A,B:B,A:A,A:A,B:B,A:B,A:A,A:B,A:A,B:B,B:B,A:B
21,A:A,B:B,A:A,A:B,B:B,B:B,B:B,A:A,B:B,B:B,A:A,A:A,B:B,B:B,A:A,A:A,A:B,B:B,B:B,A:B
21,A:A,A:B,A:A,B:B,B:B,B:B,B:B,A:A,A:B,B:B,A:A,A:A,B:B,A:A,A:A,A:A,A:A,B:B,B:B,A:B
21,A:A,B:B,A:A,A:A,B:B,B:B,A:B,A:B,A:B,B:B,A:A,A:A,B:B,A:B,A:A,A:A,A:A,B:B,B:B,A:B
21,A:A,A:B,A:A,A:A,B:B,B:B,B:B,A:B,B:B,B:B,A:A,A:A,B:B,B:B,A:B,A:A,A:B,B:B,B:B,A:A
21,A:A,A:B,A:A,B:B,A:A,B:B,A:B,A:A,A:B,B:B,A:B,A:A,B:B,A:B,A:B,A:A,A:A,B:B,B:B,A:B
21,A:A,A:A,A:A,B:B,A:B,B:B,A:B,A:A,B:B,B:B,A:A,A:A,B:B,B:B,A:A,A:A,A:B,B:B,A:B,B:B
21,A:A,A:B,A:A,B:B,B:B,B:B,A:B,A:B,A:A,B:B,A:A,A:A,B:B,A:A,A:A,A:A,A:B,B:B,B:B,A:B
21,A:A,A:B,A:A,A:A,B:B,B:B,A:B,A:A,A:B,B:B,B:B,A:A,A:B,A:B,A:A,A:A,A:A,B:B,B:B,A:A
21,A:A,A:A,A:A,A:A,B:B,B:B,A:A,A:A,B:B,B:B,A:B,A:A,B:B,A:B,A:A,A:A,A:B,B:B,B:B,A:B
21,A:A,A:B,A:A,A:B,A:B,B:B,A:B,A:B,B:B,A:B,A:B,A:A,B:B,A:B,A:A,A:A,B:B,B:B,A:A,A:B
21,A:A,A:A,A:A,A:B,B:B,B:B,A:B,A:A,A:A,B:B,A:A,A:A,B:B,A:B,A:B,A:A,A:B,B:B,B:B,A:B
21,A:A,A:A,A:A,A:B,A:B,B:B,A:B,A:A,A:A,B:B,A:A,A:A,B:B,A:A,A:B,A:A,B:B,B:B,B:B,A:B
21,A:A,B:B,A:A,A:B,B:B,B:B,A:B,A:A,B:B,B:B,A:A,A:A,B:B,A:B,A:A,A:A,A:B,B:B,A:B,A:B
21,A:A,A:A,A:A,A:B,B:B,B:B,A:A,A:A,A:A,B:B,A:B,A:A,B:B,A:A,A:A,A:A,A:A,B:B,A:B,A:A
21,A:A,B:B,A:A,A:A,B:B,B:B,A:B,A:A,B:B,B:B,A:B,A:A,B:B,A:B,A:A,A:A,A:A,B:B,A:B,A:A
21,A:A,A:B,A:A,A:B,B:B,B:B,A:B,A:A,B:B,B:B,A:A,A:A,B:B,A:B,A:A,A:A,B:B,B:B,A:B,A:B
21,A:A,A:B,A:A,A:B,B:B,B:B,A:B,A:B,B:B,B:B,A:A,A:A,A:B,A:A,A:A,A:A,A:A,B:B,B:B,A:B
21,A:A,A:B,A:A,A:B,B:B,B:B,A:A,A:A,A:B,B:B,A:A,A:A,B:B,A:A,A:A,A:A,A:B,B:B,B:B,B:B
21,A:A,A:B,A:A,A:A,A:B,B:B,B:B,A:A,B:B,B:B,A:A,A:A,B:B,A:B,A:A,A:B,B:B,B:B,A:B,A:B
21,A:A,A:A,A:A,A:B,B:B,B:B,A:B,A:B,A:B,B:B,A:A,A:A,A:B,A:B,A:A,A:A,A:B,B:B,B:B,A:B
21,A:A,A:B,A:B,A:B,B:B,B:B,B:B,A:A,A:B,B:B,A:A,A:A,B:B,A:B,A:A,A:A,A:A,B:B,B:B,A:A
21,A:A,A:B,A:A,B:B,B:B,B:B,A:B,A:B,A:B,B:B,A:A,A:A,B:B,A:A,A:B,A:B,A:B,B:B,A:B,A:B
21,A:A,A:A,A:A,A:B,B:B,B:B,A:A,B:B,A:B,B:B,A:A,A:A,B:B,A:B,A:A,A:B,B:B,B:B,A:B,A:A
21,A:A,A:B,A:A,A:B,B:B,B:B,A:B,A:B,B:B,B:B,A:B,A:A,B:B,B:B,A:A,A:A,A:B,B:B,A:B,A:B
21,A:A,A:A,A:A,A:B,B:B,B:B,A:B,A:A,A:A,B:B,A:A,A:A,B:B,A:A,B:B,A:A,A:A,B:B,B:B,A:B
21,A:A,A:B,A:A,B:B,B:B,B:B,A:B,A:A,A:B,B:B,A:B,A:A,B:B,A:B,A:A,A:A,A:A,B:B,B:B,A:A
21,A:A,A:B,A:A,B:B,B:B,B:B,A:B,A:A,B:B,B:B,A:A,A:A,B:B,A:B,A:B,A:A,B:B,B:B,B:B,B:B
21,A:A,A:A,A:A,A:A,B:B,B:B,A:B,A:B,B:B,B:B,A:A,A:A,A:B,A:B,A:B,A:A,A:A,B:B,A:B,A:B
21,A:A,A:A,A:A,A:B,B:B,B:B,B:B,A:A,A:B,B:B,A:A,A:A,B:B,A:A,A:A,A:A,A:B,B:B,A:B,B:B
21,A:A,A:B,A:A,A:B,B:B,B:B,A:A,A:A,B:B,B:B,A:B,A:A,B:B,B:B,A:A,A:A,A:B,B:B,B:B,A:A
21,A:A,A:A,A:A,A:A,B:B,B:B,A:A,A:A,A:A,B:B,A:A,A:A,B:B,A:A,A:A,A:A,B:B,B:B,A:B,A:A
21,A:A,A:B,A:A,B:B,B:B,B:B,A:A,A:A,B:B,A:B,A:B,A:A,A:B,A:A,A:A,A:A,B:B,B:B,A:B,A:B
21,A:A,A:A,A:A,A:B,B:B,B:B,A:A,A:A,A:B,B:B,A:B,A:A,B:B,A:A,A:A,A:A,A:A,B:B,A:B,A:A
21,A:A,B:B,A:A,A:A,A:A,B:B,B:B,A:B,B:B,B:B,B:B,A:A,B:B,A:B,A:B,A:A,A:A,B:B,A:B,A:A
21,A:A,A:B,A:A,A:B,A:B,B:B,A:B,A:B,A:B,B:B,A:A,A:A,A:B,A:B,A:A,A:A,A:A,B:B,B:B,B:B
21,A:A,A:B,A:A,A:B,A:B,B:B,A:B,A:A,B:B,B:B,A:B,A:A,A:B,A:A,A:A,A:A,A:B,B:B,A:B,A:B
21,A:A,A:B,A:A,B:B,B:B,B:B,B:B,A:B,B:B,B:B,A:A,A:A,A:B,A:A,A:A,A:A,A:A,B:B,B:B,B:B
21,A:A,B:B,A:A,A:B,B:B,B:B,A:B,A:A,B:B,B:B,A:A,A:A,B:B,A:A,A:A,A:A,B:B,B:B,A:B,B:B
21,A:A,A:B,A:A,A:B,A:B,B:B,A:B,A:A,B:B,A:B,A:B,A:A,B:B,A:B,A:A,A:A,A:B,B:B,A:B,A:B
21,A:A,B:B,A:A,A:A,B:B,B:B,A:B,A:B,A:B,A:B,A:A,A:A,B:B,A:B,A:A,A:A,B:B,B:B,A:A,B:B
21,A:A,A:A,A:A,A:A,A:B,B:B,A:B,A:B,A:B,B:B,A:B,A:A,A:B,A:B,A:A,A:A,B:B,B:B,B:B,A:B
21,A:A,A:A,A:A,A:A,B:B,B:B,A:B,A:A,B:B,B:B,A:A,A:A,A:B,A:B,A:A,A:A,A:B,B:B,A:B,A:A
21,A:A,A:B,A:A,A:A,A:B,B:B,B:B,A:A,A:B,A:B,A:A,A:B,B:B,A:B,A:A,A:B,A:B,B:B,B:B,A:B
21,A:A,B:B,A:A,A:B,B:B,B:B,B:B,A:A,B:B,A:B,B:B,A:A,B:B,A:B,A:A,A:A,A:A,B:B,B:B,A:A
21,A:A,A:B,A:A,A:B,A:B,B:B,B:B,A:A,B:B,B:B,A:A,A:A,B:B,A:A,A:A,A:A,B:B,B:B,B:B,A:B
21,A:A,A:A,A:A,A:B,B:B,B:B,A:A,A:A,B:B,A:B,A:A,A:A,A:B,A:A,A:A,A:B,B:B,B:B,A:B,A:B
21,A:A,A:B,A:A,B:B,B:B,B:B,A:A,A:A,A:B,A:B,A:A,A:A,B:B,A:B,A:B,A:A,B:B,B:B,A:B,A:B
21,A:A,A:B,A:A,A:B,B:B,B:B,A:B,A:B,A:B,B:B,A:A,A:A,A:B,A:A,A:B,A:B,A:B,B:B,B:B,A:A
21,A:A,A:B,A:A,A:A,A:B,B:B,A:A,A:A,A:B,B:B,A:A,A:A,A:B,A:B,A:A,A:A,B:B,B:B,A:B,A:A
21,A:A,A:B,A:A,A:B,B:B,B:B,A:A,A:A,B:B,B:B,A:A,A:A,B:B,A:A,A:A,A:A,A:B,B:B,B:B,A:B
21,A:A,A:B,A:A,A:B,B:B,B:B,A:B,A:A,A:B,A:B,A:A,A:A,B:B,A:A,A:B,A:A,B:B,B:B,B:B,A:B
21,A:A,A:A,A:A,A:B,B:B,B:B,A:B,A:B,A:B,B:B,A:A,A:A,A:B,A:B,A:B,A:A,A:A,B:B,A:B,B:B
21,A:A,A:A,A:A,A:B,A:B,B:B,A:B,A:A,A:B,B:B,A:A,A:A,A:B,A:B,A:A,A:A,A:B,B:B,A:B,B:B
21,A:A,A:B,A:A,A:A,B:B,B:B,A:B,B:B,B:B,B:B,A:A,A:A,A:B,A:B,A:A,A:A,A:B,B:B,A:B,A:B
21,A:A,B:B,A:B,A:A,B:B,B:B,A:B,B:B,A:B,B:B,A:A,A:A,B:B,A:B,A:B,A:A,B:B,B:B,A:A,A:B
21,A:A,A:A,A:A,A:A,B:B,B:B,A:B,A:A,B:B,B:B,B:B,A:A,A:B,A:B,A:A,A:A,A:B,B:B,A:B,A:B
21,A:A,A:B,A:A,A:A,B:B,B:B,A:B,A:A,B:B,B:B,A:A,A:A,B:B,A:A,A:A,A:A,A:B,B:B,A:B,A:A
21,A:A,A:A,A:A,B:B,B:B,B:B,B:B,A:B,A:A,B:B,A:A,A:A,B:B,A:B,B:B,A:A,A:A,B:B,A:B,A:A
21,A:A,A:B,A:A,B:B,B:B,B:B,A:B,A:B,B:B,B:B,A:A,A:A,A:B,A:B,A:B,A:A,A:A,B:B,A:A,A:A
21,A:A,A:B,A:B,A:B,B:B,B:B,B:B,A:B,B:B,B:B,A:A,A:A,B:B,A:A,A:B,A:B,B:B,B:B,B:B,A:A
21,A:A,A:B,A:A,A:A,B:B,B:B,A:B,A:B,B:B,A:B,A:A,A:A,A:B,A:A,A:A,A:B,A:B,B:B,A:B,A:B
21,A:A,A:B,A:A,A:B,B:B,B:B,A:B,A:A,B:B,B:B,A:A,A:A,B:B,A:B,A:A,A:A,A:B,B:B,B:B,A:B
21,A:A,A:A,A:A,B:B,B:B,B:B,B:B,A:B,B:B,B:B,A:A,A:A,A:B,A:B,A:B,A:A,A:B,B:B,A:B,A:B
21,A:A,A:B,A:A,A:B,B:B,B:B,A:A,A:A,B:B,A:B,A:B,A:A,B:B,A:A,A:A,A:B,B:B,B:B,A:B,A:B
21,A:A,B:B,A:A,A:B,B:B,B:B,B:B,A:A,B:B,B:B,A:A,A:A,B:B,A:B,A:A,A:A,A:B,B:B,B:B,A:B
21,A:A,A:A,A:A,A:B,B:B,B:B,A:B,A:B,A:B,B:B,A:A,A:A,B:B,A:A,A:A,A:A,A:B,B:B,B:B,A:B
21,A:A,A:B,A:A,A:B,B:B,B:B,A:B,A:A,B:B,B:B,A:A,A:A,B:B,A:B,A:B,A:A,A:B,B:B,A:B,A:A
21,A:A,A:B,A:B,A:A,A:B,B:B,A:B,A:B,B:B,B:B,A:A,A:A,B:B,A:A,A:B,A:A,A:B,B:B,B:B,B:B
21,A:A,A:B,A:B,A:B,B:B,B:B,B:B,A:B,A:B,B:B,A:A,A:A,B:B,A:A,A:A,A:B,A:A,B:B,A:B,A:A
21,A:A,A:A,A:A,A:A,B:B,B:B,A:B,A:B,B:B,B:B,A:A,A:A,B:B,A:B,A:A,A:A,A:B,B:B,A:B,A:B
21,A:A,A:B,A:A,A:A,A:B,B:B,A:B,A:A,A:B,B:B,A:B,A:A,B:B,B:B,A:A,A:A,A:A,B:B,A:B,A:B
21,A:A,A:B,A:A,B:B,B:B,B:B,A:B,A:B,B:B,B:B,A:A,A:A,B:B,A:A,A:A,A:A,A:B,B:B,B:B,B:B
21,A:A,A:A,A:A,B:B,B:B,B:B,A:B,A:B,A:A,B:B,A:A,A:A,B:B,B:B,A:B,A:A,A:A,B:B,A:B,B:B
21,A:A,B:B,A:A,A:A,B:B,B:B,A:A,A:B,B:B,B:B,A:A,A:A,B:B,A:B,A:A,A:A,A:A,B:B,B:B,A:A
21,A:A,B:B,A:B,B:B,B:B,B:B,A:B,A:B,B:B,B:B,A:B,A:A,B:B,A:B,A:B,A:A,A:B,B:B,B:B,A:B
21,A:A,A:B,A:A,B:B,B:B,B:B,A:B,A:A,B:B,B:B,A:A,A:A,B:B,A:B,A:A,A:B,A:B,B:B,B:B,A:B
21,A:A,A:A,A:A,A:B,B:B,B:B,B:B,A:B,A:B,B:B,A:B,A:A,B:B,B:B,A:A,A:A,A:A,B:B,A:B,B:B
21,A:A,A:B,A:B,A:B,B:B,B:B,A:B,A:A,A:B,B:B,A:A,A:A,B:B,B:B,A:A,A:A,A:B,B:B,B:B,A:B
21,A:A,A:B,A:A,A:B,B:B,B:B,A:B,A:A,A:B,B:B,A:A,A:A,B:B,A:B,A:A,A:A,B:B,B:B,A:B,B:B
21,A:A,A:A,A:A,A:A,B:B,B:B,B:B,A:B,A:B,B:B,A:B,A:A,B:B,A:B,A:A,A:B,A:B,B:B,B:B,A:A
21,A:A,A:A,A:A,A:B,B:B,B:B,B:B,A:A,B:B,B:B,A:B,A:A,B:B,A:A,A:A,A:A,A:B,B:B,A:B,A:A
21,A:A,A:B,A:A,B:B,B:B,B:B,A:A,A:A,A:B,B:B,A:A,A:A,B:B,A:A,A:A,A:B,A:B,B:B,B:B,A:B
21,A:A,A:B,A:A,A:B,A:B,B:B,B:B,A:B,A:B,B:B,A:A,A:A,A:B,A:A,A:A,A:B,A:A,B:B,A:B,A:B
21,A:A,A:B,A:A,A:A,B:B,B:B,A:B,A:A,A:B,B:B,A:B,A:A,B:B,A:B,A:B,A:A,B:B,B:B,B:B,B:B
21,A:A,A:A,A:A,A:B,B:B,B:B,A:B,A:B,A:B,B:B,A:B,A:A,A:B,A:B,A:A,A:B,A:B,B:B,B:B,A:A
21,A:A,A:B,A:A,A:B,B:B,B:B,A:A,A:A,A:B,B:B,A:A,A:A,B:B,A:A,A:A,A:A,B:B,B:B,B:B,B:B
21,A:A,B:B,A:A,A:B,B:B,B:B,A:A,A:A,B:B,B:B,A:A,A:A,B:B,A:A,A:B,A:A,A:A,B:B,A:B,A:B
21,A:A,B:B,A:A,A:A,B:B,B:B,B:B,A:A,B:B,B:B,A:B,A:B,B:B,A:A,A:A,A:A,A:B,B:B,B:B,B:B
21,A:A,A:B,A:A,B:B,B:B,B:B,A:B,A:B,A:B,B:B,A:A,A:A,B:B,A:B,A:B,A:A,A:A,B:B,A:A,A:B
21,A:A,A:A,A:A,A:B,B:B,B:B,A:B,A:A,A:B,B:B,A:A,A:A,A:B,A:B,A:A,A:A,A:A,B:B,B:B,A:B
21,A:A,A:B,A:A,A:B,B:B,B:B,B:B,A:A,B:B,B:B,A:A,A:A,B:B,A:B,A:A,A:A,A:B,B:B,B:B,A:B
21,A:A,A:A,A:A,A:A,B:B,B:B,A:B,A:A,A:B,A:B,A:B,A:A,B:B,A:A,A:B,A:A,A:B,B:B,A:B,A:B
21,A:B,A:A,A:A,B:B,B:B,B:B,A:B,A:A,A:A,B:B,A:A,A:A,B:B,B:B,A:A,A:B,A:B,B:B,B:B,B:B
21,A:A,B:B,A:A,B:B,B:B,B:B,B:B,A:A,A:B,B:B,A:B,A:A,B:B,A:A,A:A,A:A,A:A,B:B,B:B,A:B
21,A:A,A:B,A:A,A:A,B:B,B:B,A:B,A:A,B:B,B:B,A:A,A:A,A:B,A:A,A:A,A:A,A:B,B:B,A:B,A:A
21,A:A,A:A,A:A,A:A,B:B,B:B,B:B,A:A,A:B,B:B,A:A,A:A,B:B,A:B,A:B,A:A,A:A,B:B,B:B,A:B
22,A:A,A:B,A:A,A:A,A:B,B:B,A:B,A:B,A:A,B:B,A:A,A:A,B:B,B:B,A:A,A:A,A:B,B:B,B:B,A:B
22,A:A,A:B,A:A,A:A,A:A,B:B,A:B,B:B,A:B,A:B,A:B,A:A,B:B,A:B,A:B,A:B,A:B,B:B,B:B,A:B
22,A:A,A:A,A:A,A:B,A:A,B:B,A:A,A:B,B:B,B:B,A:A,B:B,B:B,A:B,A:A,A:A,A:A,B:B,B:B,A:B
22,A:A,A:B,A:A,A:B,B:B,B:B,A:B,B:B,A:B,B:B,A:A,A:B,A:B,A:A,A:B,B:B,A:A,B:B,B:B,A:B
22,A:A,B:B,A:A,A:A,A:A,B:B,B:B,B:B,B:B,B:B,A:B,A:A,A:A,B:B,A:B,A:A,A:A,B:B,B:B,A:B
22,A:A,A:B,A:A,B:B,A:A,B:B,B:B,B:B,B:B,B:B,A:B,A:B,B:B,A:A,A:A,B:B,A:A,B:B,B:B,A:B
22,A:A,A:B,A:A,A:A,A:B,B:B,B:B,A:B,A:B,B:B,A:A,A:B,B:B,A:B,A:A,A:A,A:B,B:B,B:B,A:A
22,A:A,A:B,A:A,A:B,A:A,B:B,B:B,A:B,B:B,A:B,A:B,A:A,A:B,A:A,A:A,B:B,A:A,B:B,B:B,A:A
22,A:B,A:B,A:A,A:A,A:A,B:B,A:A,B:B,A:B,B:B,A:A,A:A,B:B,A:B,A:A,A:A,A:A,B:B,B:B,A:B
22,A:A,A:B,A:A,A:A,A:A,B:B,B:B,A:B,A:B,B:B,A:A,A:A,B:B,A:B,A:A,B:B,A:A,B:B,B:B,A:A
22,A:A,B:B,A:A,A:B,A:B,B:B,B:B,B:B,B:B,B:B,A:A,A:A,B:B,A:A,A:B,B:B,A:A,B:B,B:B,A:A
22,A:A,A:B,A:B,A:A,B:B,B:B,B:B,B:B,B:B,B:B,A:A,A:A,B:B,A:B,A:A,B:B,A:A,B:B,B:B,A:A
22,A:A,A:A,A:A,A:B,A:A,B:B,A:B,A:B,B:B,A:B,A:A,A:A,B:B,A:B,A:A,A:B,A:A,B:B,A:B,A:B
22,A:B,A:B,A:A,A:B,A:A,B:B,A:B,B:B,B:B,B:B,A:A,A:B,B:B,A:B,A:A,B:B,A:A,B:B,B:B,A:B
22,A:A,B:B,A:A,A:B,A:B,B:B,B:B,A:B,B:B,B:B,A:A,A:B,B:B,A:A,A:A,B:B,A:A,B:B,B:B,A:A
22,A:A,B:B,A:A,A:A,A:B,B:B,B:B,A:B,B:B,B:B,A:A,A:B,A:B,A:A,A:A,A:B,A:B,B:B,B:B,A:A
22,A:A,A:B,A:B,A:B,A:A,B:B,B:B,A:B,B:B,B:B,A:B,A:A,A:B,A:A,A:B,A:B,A:B,B:B,B:B,A:A
22,A:A,B:B,A:A,B:B,A:B,B:B,A:B,A:B,A:B,A:B,A:B,A:B,B:B,B:B,A:A,A:B,A:A,B:B,A:B,A:A
22,A:A,A:B,A:A,A:B,A:B,B:B,A:B,A:B,B:B,A:B,A:A,A:B,A:B,A:B,A:A,A:B,A:A,B:B,B:B,A:A
22,A:A,A:B,A:A,A:A,A:B,B:B,A:B,B:B,A:B,A:B,A:B,A:A,B:B,A:A,A:A,B:B,A:A,B:B,B:B,A:A
22,A:A,B:B,A:A,B:B,A:A,B:B,B:B,B:B,B:B,A:B,A:A,A:B,B:B,A:A,A:A,A:B,A:A,B:B,A:B,A:A
22,A:A,A:A,A:A,A:B,B:B,B:B,A:A,B:B,B:B,B:B,A:A,A:B,B:B,A:A,A:B,A:B,A:B,B:B,B:B,A:B
22,A:A,A:B,A:A,A:A,A:B,B:B,B:B,A:B,B:B,A:B,A:A,A:A,B:B,B:B,A:A,A:B,A:B,B:B,B:B,A:A
22,A:B,A:A,A:A,A:B,A:A,B:B,B:B,B:B,B:B,B:B,A:A,A:A,B:B,A:A,A:A,A:B,A:A,B:B,A:B,A:A
22,A:A,A:B,A:A,A:A,A:A,B:B,B:B,B:B,A:B,B:B,A:A,A:B,B:B,A:A,A:A,A:A,A:B,B:B,B:B,A:A
22,A:A,B:B,A:A,A:A,A:B,B:B,B:B,B:B,B:B,B:B,A:B,A:B,B:B,A:A,A:A,A:B,A:A,B:B,B:B,A:A
22,A:A,A:B,A:A,A:B,A:A,B:B,A:B,B:B,B:B,B:B,A:A,A:B,A:B,A:A,A:A,B:B,B:B,B:B,A:B,A:B
22,A:A,A:A,A:A,A:A,B:B,B:B,B:B,B:B,A:B,A:B,A:A,A:B,B:B,A:B,A:A,A:B,A:B,B:B,B:B,A:B
22,A:B,A:A,A:B,A:A,A:A,B:B,A:B,A:B,A:A,B:B,A:A,A:A,B:B,A:A,A:A,A:B,A:A,B:B,A:B,A:A
22,A:A,A:B,A:A,A:A,A:A,B:B,A:B,A:B,B:B,A:B,A:A,A:A,B:B,A:B,A:A,A:A,A:B,B:B,B:B,A:A
22,A:A,A:A,A:A,A:A,A:A,B:B,A:B,B:B,A:B,B:B,A:A,A:B,B:B,A:B,A:A,B:B,A:B,B:B,B:B,A:A
22,A:A,A:B,A:A,A:B,A:A,B:B,A:B,A:B,A:B,B:B,A:B,A:B,A:B,A:B,A:A,B:B,A:A,B:B,B:B,A:B
22,A:A,A:B,A:A,A:A,A:A,B:B,B:B,B:B,B:B,A:B,A:A,A:A,B:B,A:B,A:B,B:B,A:B,B:B,B:B,A:A
22,A:B,B:B,A:A,A:B,A:A,B:B,A:B,B:B,A:B,B:B,A:A,A:B,B:B,A:A,A:A,B:B,A:A,B:B,A:B,A:A
22,A:A,B:B,A:A,B:B,A:A,B:B,B:B,B:B,A:B,A:A,A:B,A:B,B:B,A:A,A:A,B:B,A:A,B:B,B:B,A:A
22,A:A,A:B,A:A,B:B,A:A,B:B,B:B,A:B,B:B,A:B,A:B,A:A,A:B,A:B,A:A,B:B,A:B,B:B,B:B,A:A
22,A:A,B:B,A:B,A:B,A:A,B:B,B:B,A:B,A:B,A:B,A:A,A:B,B:B,A:A,A:A,B:B,A:B,B:B,B:B,A:A
22,A:A,B:B,A:A,A:B,A:A,B:B,B:B,B:B,B:B,A:B,B:B,A:B,A:B,B:B,A:A,A:B,A:A,B:B,A:B,A:B
22,A:A,B:B,A:A,B:B,A:B,B:B,A:B,A:B,B:B,B:B,A:A,A:A,B:B,A:A,A:A,B:B,A:B,B:B,A:B,A:A
22,A:A,A:B,A:A,A:A,A:B,B:B,B:B,B:B,B:B,B:B,A:A,A:A,B:B,A:B,A:A,A:A,A:B,B:B,B:B,A:A
22,A:A,A:A,A:A,A:B,A:B,B:B,A:B,A:B,B:B,B:B,A:B,A:B,B:B,A:B,A:A,B:B,A:A,B:B,B:B,A:A
22,A:B,A:A,A:A,A:B,A:B,B:B,A:B,A:B,A:B,B:B,B:B,A:A,A:B,A:A,A:A,A:B,A:A,B:B,B:B,A:A
22,A:A,A:B,A:A,A:B,A:B,B:B,A:B,B:B,A:B,A:A,A:A,A:A,B:B,A:B,A:B,A:B,A:A,B:B,B:B,A:A
22,A:A,A:A,A:A,A:B,A:B,B:B,B:B,A:B,A:B,A:A,A:A,A:B,B:B,A:B,A:A,A:B,A:A,B:B,A:B,A:A
22,A:A,A:A,A:A,A:B,A:B,B:B,B:B,B:B,B:B,B:B,A:B,A:A,B:B,A:A,A:A,A:B,A:A,B:B,A:B,A:A
22,A:A,A:B,A:A,B:B,A:A,B:B,A:B,A:B,B:B,B:B,A:B,A:B,B:B,A:B,A:A,A:A,A:B,B:B,A:B,A:B
22,A:A,A:A,A:A,A:A,A:A,B:B,B:B,A:B,B:B,B:B,A:A,A:B,B:B,A:A,A:A,A:A,A:B,B:B,B:B,A:A
22,A:A,B:B,A:A,B:B,A:A,B:B,A:B,B:B,A:B,B:B,A:B,A:B,B:B,A:B,A:B,B:B,A:B,B:B,B:B,A:A
22,A:A,B:B,A:A,A:B,A:B,B:B,B:B,B:B,B:B,B:B,A:A,A:A,B:B,A:A,A:A,B:B,A:A,B:B,B:B,A:A
22,A:A,A:B,A:B,B:B,A:A,B:B,A:B,B:B,A:B,A:A,A:A,A:B,B:B,A:A,A:A,B:B,A:B,B:B,B:B,A:B
22,A:A,B:B,A:B,A:A,B:B,B:B,B:B,B:B,B:B,B:B,A:B,A:A,B:B,A:A,A:A,B:B,A:A,B:B,B:B,A:A
22,A:A,A:B,A:A,A:B,A:A,B:B,A:B,B:B,A:B,B:B,A:A,A:B,B:B,A:B,A:A,A:B,A:B,B:B,B:B,A:A
22,A:A,A:A,A:A,A:A,A:B,B:B,A:B,A:B,A:A,B:B,A:A,A:A,B:B,A:B,A:A,A:B,A:A,B:B,B:B,A:A
22,A:A,B:B,A:A,A:B,A:B,B:B,A:B,B:B,B:B,B:B,A:A,A:A,B:B,A:A,A:B,B:B,A:B,B:B,A:B,A:A
22,A:A,B:B,A:A,A:B,A:B,B:B,A:A,B:B,A:B,B:B,A:A,A:A,B:B,A:B,A:B,A:A,A:A,B:B,B:B,A:A
22,A:A,B:B,A:A,B:B,A:A,B:B,A:B,B:B,A:B,A:B,A:B,A:B,A:B,A:A,A:A,B:B,A:A,B:B,B:B,A:A
22,A:A,A:B,A:B,A:B,A:A,B:B,B:B,B:B,A:B,A:B,A:A,A:A,B:B,A:A,A:A,A:B,B:B,B:B,B:B,A:B
22,A:A,A:B,A:A,A:B,A:A,B:B,B:B,B:B,B:B,B:B,A:A,A:A,B:B,A:A,A:B,A:B,A:B,B:B,B:B,A:B
22,A:A,A:B,A:A,B:B,A:A,B:B,A:B,A:B,B:B,B:B,A:B,A:B,B:B,A:A,A:A,B:B,A:A,B:B,B:B,A:B
22,A:A,A:B,A:A,A:B,A:A,B:B,A:B,B:B,B:B,B:B,A:A,A:A,B:B,A:A,A:B,A:B,A:A,B:B,B:B,A:B
22,A:A,B:B,A:A,A:B,A:A,B:B,A:A,B:B,B:B,A:B,A:A,A:A,B:B,A:A,A:A,B:B,A:A,B:B,B:B,A:A
22,A:A,A:B,A:A,A:A,A:A,B:B,A:B,B:B,B:B,B:B,A:A,A:A,B:B,A:A,A:A,B:B,A:B,B:B,B:B,A:B
22,A:A,A:A,A:A,A:B,A:B,B:B,B:B,A:A,A:B,B:B,A:A,A:A,B:B,A:A,A:A,B:B,A:B,B:B,A:B,A:A
22,A:B,A:B,A:B,A:A,A:A,B:B,B:B,A:A,A:A,B:B,A:A,A:B,A:B,A:B,A:A,A:B,A:A,B:B,A:A,A:A
22,A:A,B:B,A:A,A:B,A:A,B:B,B:B,B:B,B:B,A:B,A:A,A:B,B:B,A:A,A:B,A:B,A:B,B:B,B:B,A:A
22,A:B,B:B,A:A,A:B,A:A,B:B,B:B,A:B,A:A,A:B,A:A,A:B,B:B,A:B,A:A,A:B,A:A,B:B,A:B,A:A
22,A:A,A:B,A:A,A:B,A:A,B:B,A:B,A:B,B:B,B:B,A:B,A:B,B:B,A:A,A:A,A:A,B:B,B:B,A:B,A:A
22,A:A,B:B,A:A,B:B,A:A,B:B,A:B,A:B,B:B,A:B,A:B,A:A,B:B,A:A,A:A,A:B,A:B,B:B,A:B,A:A
22,A:B,A:B,A:A,A:B,A:A,B:B,A:B,A:B,B:B,B:B,A:A,A:B,B:B,A:A,A:A,B:B,A:A,B:B,B:B,A:B
22,A:A,A:B,A:A,A:B,A:B,B:B,A:B,B:B,B:B,A:B,A:A,A:A,B:B,A:A,A:A,A:B,A:B,B:B,B:B,A:A
22,A:A,B:B,A:A,A:B,A:B,B:B,A:B,B:B,B:B,A:B,A:B,A:B,B:B,A:A,A:A,B:B,A:B,B:B,B:B,A:A
22,A:A,A:A,A:A,A:B,A:A,B:B,B:B,B:B,B:B,B:B,A:B,A:B,A:B,B:B,A:A,B:B,A:A,B:B,B:B,A:A
22,A:A,A:B,A:A,B:B,A:B,B:B,A:B,A:B,A:B,B:B,A:A,A:A,B:B,B:B,A:A,A:B,A:A,B:B,B:B,A:A
22,A:A,A:B,A:A,A:B,A:A,B:B,A:B,A:B,B:B,A:B,A:B,A:B,B:B,A:A,A:A,A:B,A:A,B:B,A:B,A:B
22,A:A,A:B,A:A,A:A,A:A,B:B,A:B,B:B,A:B,B:B,A:B,A:A,B:B,A:A,A:B,A:A,A:A,B:B,B:B,A:A
22,A:A,B:B,A:A,A:B,B:B,B:B,B:B,A:B,A:A,B:B,A:A,A:A,B:B,A:A,A:A,B:B,A:A,B:B,A:B,A:A
22,A:A,A:B,A:A,A:A,A:B,B:B,B:B,B:B,A:B,A:B,A:A,A:B,B:B,A:B,A:A,A:A,A:A,B:B,B:B,A:A
22,A:A,A:B,A:A,A:A,A:A,B:B,A:B,B:B,A:B,B:B,A:A,A:A,B:B,A:B,A:A,B:B,A:A,B:B,B:B,A:B
22,A:A,B:B,A:A,A:A,A:A,B:B,B:B,B:B,B:B,A:A,A:A,A:A,B:B,A:A,A:B,B:B,A:A,B:B,B:B,A:B
22,A:A,A:B,A:A,A:B,A:A,B:B,B:B,B:B,A:B,B:B,A:B,A:B,A:B,A:A,A:A,A:B,A:B,B:B,B:B,A:A
22,A:A,A:A,A:A,B:B,A:B,B:B,A:B,B:B,B:B,B:B,A:A,A:A,A:B,B:B,A:B,A:B,A:B,B:B,B:B,A:A
22,A:A,A:B,A:A,A:B,A:A,B:B,A:B,A:B,B:B,B:B,A:B,A:B,B:B,B:B,A:A,A:B,A:B,B:B,B:B,A:A
22,A:A,A:B,A:A,B:B,A:B,B:B,B:B,A:B,A:B,A:B,A:B,A:B,B:B,A:A,A:B,A:B,A:A,B:B,B:B,A:A
22,A:A,A:B,A:B,A:B,A:A,B:B,B:B,B:B,B:B,A:B,A:A,B:B,B:B,A:B,A:A,A:A,A:B,B:B,B:B,A:A
22,A:A,B:B,A:A,A:B,A:B,B:B,B:B,A:B,B:B,B:B,A:B,A:B,B:B,A:B,A:B,A:B,A:B,B:B,A:B,A:A
22,A:A,A:A,A:A,A:B,A:A,B:B,A:B,A:B,B:B,A:B,A:A,A:A,B:B,A:A,A:A,A:B,A:B,B:B,B:B,A:A
22,A:A,A:B,A:B,A:B,A:B,B:B,B:B,B:B,B:B,B:B,A:B,B:B,B:B,A:A,A:A,A:A,A:B,B:B,B:B,A:A
22,A:A,A:B,A:A,A:A,A:A,B:B,A:A,B:B,B:B,A:A,A:B,A:B,B:B,B:B,A:A,A:B,A:B,B:B,B:B,A:A
22,A:A,B:B,A:A,B:B,A:A,B:B,A:B,B:B,B:B,B:B,A:A,A:B,B:B,A:A,A:A,B:B,A:A,B:B,B:B,A:A
22,A:A,A:B,A:A,A:B,A:A,B:B,B:B,B:B,B:B,B:B,A:A,A:A,B:B,A:A,A:A,B:B,A:A,B:B,A:B,A:A
22,A:A,B:B,A:A,A:B,A:B,B:B,A:B,B:B,B:B,B:B,A:A,A:A,A:B,A:A,A:B,B:B,A:A,B:B,B:B,A:A
22,A:A,A:B,A:A,A:B,A:A,B:B,A:B,B:B,B:B,B:B,A:A,A:A,B:B,A:B,A:A,A:A,A:A,B:B,A:B,A:A
22,A:A,B:B,A:A,A:A,A:A,B:B,A:B,B:B,B:B,A:B,A:A,B:B,B:B,B:B,A:A,A:B,A:A,B:B,B:B,A:B
22,A:A,A:B,A:A,A:B,A:B,B:B,B:B,A:B,B:B,A:B,A:A,A:B,B:B,A:B,A:A,B:B,A:B,B:B,B:B,A:A
22,A:A,B:B,A:A,A:B,B:B,B:B,A:B,B:B,A:A,B:B,A:A,A:A,B:B,A:A,A:A,A:B,A:A,B:B,B:B,A:A
22,A:A,A:B,A:A,A:B,A:B,B:B,B:B,B:B,A:B,B:B,A:A,A:A,A:B,A:B,A:A,A:B,A:A,B:B,B:B,A:A
22,A:A,A:B,A:A,A:B,A:A,B:B,B:B,A:B,A:B,B:B,A:A,A:A,B:B,A:B,A:A,A:B,A:B,B:B,A:B,A:A
22,A:A,B:B,A:A,A:B,A:A,B:B,A:B,B:B,A:B,B:B,A:A,A:A,B:B,A:A,A:B,A:A,A:A,B:B,A:B,A:A
22,A:A,A:B,A:B,A:A,A:A,B:B,A:A,B:B,B:B,A:B,A:A,A:A,B:B,A:B,A:A,A:B,A:B,B:B,B:B,A:A
22,A:A,B:B,A:A,A:B,A:A,B:B,A:A,B:B,B:B,B:B,A:A,A:A,B:B,A:B,A:A,B:B,A:A,B:B,B:B,A:A
23,A:A,A:B,A:A,B:B,A:A,B:B,B:B,B:B,B:B,B:B,A:A,A:A,B:B,A:A,A:A,A:A,A:A,B:B,B:B,A:B
23,A:A,A:B,A:B,A:B,A:B,B:B,B:B,A:A,B:B,B:B,A:A,A:B,B:B,A:A,A:A,B:B,A:A,B:B,B:B,A:B
23,A:A,B:B,A:B,B:B,A:A,B:B,B:B,B:B,B:B,B:B,A:A,B:B,B:B,A:A,A:A,A:B,A:A,B:B,B:B,A:B
23,A:A,B:B,A:A,B:B,B:B,B:B,B:B,B:B,B:B,B:B,A:B,B:B,B:B,A:A,A:A,B:B,A:A,B:B,B:B,B:B
23,A:A,B:B,A:A,A:B,A:A,B:B,A:A,B:B,B:B,A:B,A:A,B:B,B:B,A:A,A:A,A:A,A:B,B:B,B:B,A:B
23,A:B,A:A,A:B,B:B,A:A,B:B,A:A,B:B,B:B,B:B,A:A,A:A,B:B,A:A,A:A,A:B,A:A,B:B,B:B,A:B
23,A:A,B:B,A:B,A:B,A:A,B:B,A:A,B:B,B:B,B:B,A:A,B:B,B:B,A:A,A:A,A:B,A:B,B:B,B:B,A:A
23,A:A,B:B,A:B,B:B,A:A,B:B,B:B,B:B,B:B,B:B,A:A,B:B,B:B,A:A,A:A,A:B,A:A,B:B,B:B,A:A
23,A:A,A:B,A:A,B:B,A:B,B:B,B:B,B:B,B:B,B:B,A:A,B:B,B:B,A:A,A:A,A:B,A:A,B:B,B:B,A:B
23,A:A,B:B,A:A,B:B,A:A,B:B,A:B,B:B,B:B,B:B,A:A,A:A,A:B,A:A,A:A,A:B,A:B,B:B,B:B,A:A
23,A:A,A:B,A:B,B:B,A:A,B:B,A:B,B:B,B:B,B:B,A:A,B:B,B:B,A:A,A:A,A:B,A:A,B:B,B:B,A:A
23,A:A,A:B,A:A,B:B,A:B,B:B,A:B,B:B,B:B,A:B,A:A,A:B,B:B,A:A,A:A,B:B,A:A,B:B,B:B,A:A
23,A:A,A:B,A:A,B:B,A:A,B:B,B:B,B:B,B:B,B:B,A:A,A:B,B:B,A:A,A:A,B:B,A:A,B:B,B:B,A:B
23,A:A,B:B,B:B,A:B,A:A,B:B,A:B,B:B,B:B,B:B,A:A,B:B,B:B,A:A,A:A,B:B,A:A,B:B,B:B,A:B
23,A:A,B:B,A:B,B:B,A:A,B:B,B:B,B:B,B:B,B:B,A:A,A:B,A:B,A:A,A:A,A:B,A:A,B:B,B:B,A:A
23,A:A,B:B,A:B,A:A,A:B,B:B,A:B,B:B,B:B,B:B,A:A,B:B,B:B,A:A,A:A,A:B,A:A,B:B,B:B,B:B
23,A:A,A:B,A:B,A:B,A:A,B:B,A:B,A:B,B:B,A:B,A:A,A:B,B:B,A:A,A:A,A:B,A:B,B:B,B:B,A:A
23,A:A,A:B,A:A,B:B,B:B,B:B,A:B,B:B,B:B,B:B,A:A,A:A,B:B,A:A,A:A,B:B,A:A,B:B,B:B,A:B
23,A:A,B:B,A:A,B:B,A:B,B:B,B:B,B:B,B:B,B:B,A:A,A:B,B:B,A:A,A:A,A:B,A:A,B:B,B:B,A:A
23,A:B,A:B,A:B,B:B,A:B,B:B,A:B,A:A,B:B,B:B,A:A,A:B,B:B,A:B,A:A,B:B,A:A,B:B,B:B,A:B
23,A:A,A:B,A:B,B:B,A:A,B:B,A:B,A:B,A:B,B:B,A:A,B:B,A:B,A:A,A:A,B:B,A:A,B:B,B:B,A:B
23,A:B,A:B,A:B,B:B,A:A,B:B,A:B,B:B,B:B,A:B,A:A,A:B,A:B,A:A,A:A,B:B,A:B,B:B,B:B,A:B
23,A:A,A:B,A:B,B:B,A:B,B:B,B:B,A:B,B:B,A:B,A:A,A:A,A:B,A:A,A:A,B:B,A:A,B:B,B:B,A:A
23,A:A,B:B,A:B,B:B,A:A,B:B,A:B,B:B,B:B,B:B,A:A,B:B,A:B,A:A,A:A,B:B,A:A,B:B,B:B,A:A
23,A:B,B:B,A:A,A:B,A:A,B:B,A:B,B:B,B:B,B:B,A:A,A:B,B:B,A:B,A:A,A:B,A:B,B:B,B:B,A:B
23,A:B,B:B,A:B,A:B,A:A,B:B,A:B,B:B,B:B,B:B,A:A,A:A,B:B,A:A,A:A,A:B,A:B,B:B,B:B,A:B
23,A:A,B:B,A:A,B:B,A:A,B:B,A:B,B:B,B:B,B:B,A:A,A:B,A:B,A:A,A:A,A:A,A:A,B:B,B:B,A:A
23,A:A,A:B,A:A,A:B,A:A,B:B,B:B,A:B,B:B,B:B,A:A,B:B,A:B,A:A,A:A,A:B,A:A,B:B,B:B,B:B
23,A:A,A:B,A:A,B:B,A:A,B:B,A:B,B:B,A:B,B:B,A:A,A:A,B:B,A:A,A:A,B:B,A:A,B:B,B:B,A:A
23,A:A,A:B,A:B,B:B,A:B,B:B,B:B,A:B,B:B,B:B,A:A,B:B,B:B,A:A,A:A,B:B,A:A,B:B,B:B,B:B
23,A:A,A:B,A:B,B:B,B:B,B:B,B:B,B:B,B:B,B:B,A:A,A:B,A:B,A:A,A:A,B:B,A:A,B:B,B:B,A:B
23,A:B,A:B,A:A,B:B,A:A,B:B,A:B,B:B,B:B,B:B,A:A,A:B,B:B,A:A,A:A,A:B,A:A,B:B,B:B,A:A
23,A:A,B:B,A:B,B:B,A:A,B:B,B:B,A:B,B:B,B:B,A:A,B:B,B:B,A:A,A:A,B:B,A:A,B:B,B:B,A:B
23,A:A,B:B,A:A,A:B,A:B,B:B,A:B,B:B,B:B,B:B,A:A,B:B,B:B,A:A,A:A,A:B,A:A,B:B,B:B,A:B
23,A:A,B:B,A:A,B:B,B:B,B:B,A:B,B:B,B:B,B:B,A:A,A:B,B:B,A:A,A:A,B:B,A:A,B:B,B:B,A:A
23,A:A,A:B,A:A,B:B,A:B,B:B,B:B,B:B,B:B,B:B,A:A,A:B,B:B,A:A,A:A,B:B,A:A,B:B,B:B,A:B
23,A:B,B:B,A:A,B:B,B:B,B:B,B:B,B:B,B:B,B:B,A:A,B:B,B:B,A:A,A:A,A:B,A:A,B:B,B:B,A:A
23,A:B,B:B,A:B,B:B,A:B,B:B,A:B,A:B,B:B,B:B,A:A,A:B,B:B,A:A,A:A,A:B,A:A,B:B,B:B,A:B
23,A:A,B:B,A:B,B:B,A:A,B:B,B:B,B:B,B:B,B:B,A:A,A:B,B:B,A:A,A:A,A:B,A:A,B:B,B:B,A:B
23,A:A,B:B,A:A,B:B,A:B,B:B,B:B,B:B,B:B,B:B,A:A,A:B,B:B,A:A,A:A,B:B,A:A,B:B,B:B,A:A
23,A:A,B:B,A:A,A:B,A:A,B:B,A:B,B:B,B:B,B:B,A:A,A:B,B:B,A:A,A:A,B:B,A:B,B:B,B:B,A:B
23,A:A,B:B,A:B,B:B,A:B,B:B,A:B,B:B,B:B,B:B,A:A,A:B,B:B,A:A,A:A,B:B,A:B,B:B,B:B,A:B
23,A:A,B:B,A:A,A:B,A:A,B:B,B:B,B:B,B:B,B:B,A:A,A:B,A:B,A:A,A:A,A:B,A:A,B:B,B:B,A:B
23,A:B,A:B,A:A,B:B,B:B,B:B,B:B,B:B,B:B,B:B,A:A,A:B,B:B,A:A,A:A,A:A,A:A,B:B,B:B,A:A
23,B:B,B:B,A:A,B:B,A:B,B:B,A:B,B:B,B:B,B:B,A:A,A:B,A:B,A:A,A:A,A:A,A:A,B:B,B:B,A:A
23,A:A,B:B,A:B,B:B,A:B,B:B,A:B,A:B,B:B,B:B,A:A,A:B,B:B,A:A,A:A,A:B,A:A,B:B,B:B,A:B
23,A:A,B:B,A:A,B:B,B:B,B:B,B:B,B:B,B:B,B:B,A:A,B:B,B:B,A:A,A:A,B:B,A:A,B:B,B:B,A:A
23,A:A,B:B,A:A,B:B,A:A,B:B,A:A,B:B,B:B,B:B,A:A,B:B,B:B,A:A,A:A,B:B,A:A,B:B,B:B,A:A
23,A:A,B:B,A:A,B:B,A:A,B:B,A:B,B:B,B:B,B:B,A:A,B:B,B:B,A:A,A:A,A:B,A:A,B:B,B:B,B:B
23,A:A,B:B,A:A,B:B,A:B,B:B,B:B,B:B,B:B,B:B,A:A,A:B,B:B,A:A,A:A,B:B,A:A,B:B,B:B,A:A
23,A:A,B:B,A:A,B:B,B:B,B:B,A:B,B:B,B:B,B:B,A:A,A:B,B:B,A:A,A:A,A:A,A:A,B:B,B:B,A:A
23,A:A,A:B,A:B,B:B,B:B,B:B,B:B,B:B,B:B,B:B,A:A,B:B,B:B,A:B,A:A,B:B,A:A,B:B,B:B,A:B
23,A:A,A:B,A:B,B:B,A:B,B:B,A:B,B:B,B:B,B:B,A:A,B:B,B:B,A:A,A:A,A:B,A:A,B:B,B:B,A:A
23,A:B,A:B,A:A,A:B,A:A,B:B,A:B,B:B,B:B,B:B,A:A,B:B,B:B,A:A,A:A,B:B,A:A,B:B,B:B,A:B
23,A:B,A:B,A:B,B:B,A:B,B:B,A:A,B:B,B:B,B:B,A:A,A:B,B:B,A:A,A:A,B:B,A:A,B:B,B:B,A:B
23,A:A,B:B,A:B,B:B,A:B,B:B,A:A,B:B,B:B,A:B,A:A,B:B,B:B,A:B,A:A,B:B,A:A,B:B,B:B,A:A
23,A:B,A:B,A:B,B:B,A:B,B:B,B:B,B:B,B:B,B:B,A:A,A:B,B:B,A:A,A:A,A:B,A:A,B:B,B:B,A:A
23,A:A,A:B,A:B,B:B,A:B,B:B,A:B,B:B,B:B,B:B,A:A,B:B,B:B,A:A,A:A,A:B,A:A,B:B,B:B,A:B
23,A:A,A:A,A:A,B:B,A:A,B:B,A:B,B:B,B:B,B:B,A:A,B:B,A:B,A:A,A:A,A:B,A:A,B:B,B:B,A:B
23,A:A,B:B,A:A,B:B,A:A,B:B,A:B,B:B,B:B,B:B,A:A,B:B,A:B,A:A,A:A,A:B,A:A,B:B,B:B,A:B
23,A:A,B:B,A:A,A:B,A:A,B:B,B:B,B:B,B:B,B:B,A:A,A:A,B:B,A:A,A:A,B:B,A:A,B:B,B:B,A:A
23,A:A,A:B,A:B,B:B,A:A,B:B,B:B,B:B,B:B,A:B,A:A,A:B,B:B,A:A,A:A,B:B,A:A,B:B,B:B,A:A
23,A:A,B:B,A:B,B:B,A:A,B:B,A:A,B:B,B:B,B:B,A:A,B:B,B:B,A:A,A:A,B:B,A:B,B:B,B:B,A:A
23,A:B,A:B,A:A,A:A,A:A,B:B,B:B,A:B,B:B,B:B,A:A,A:B,B:B,A:B,A:A,B:B,A:A,B:B,A:B,A:B
23,A:A,B:B,A:A,B:B,A:A,B:B,A:B,B:B,B:B,B:B,A:A,A:B,B:B,A:A,A:A,B:B,A:A,B:B,B:B,B:B
23,A:A,B:B,A:B,B:B,A:A,B:B,B:B,B:B,B:B,B:B,A:A,A:B,B:B,A:A,A:A,A:B,A:A,B:B,B:B,A:B
23,A:A,B:B,A:A,B:B,A:B,B:B,B:B,B:B,B:B,B:B,A:A,B:B,A:B,A:A,A:A,A:B,A:A,B:B,B:B,A:A
23,A:A,A:B,A:A,A:B,A:A,B:B,A:B,B:B,B:B,B:B,A:A,A:B,B:B,A:B,A:A,B:B,A:B,B:B,B:B,A:A
23,A:B,B:B,A:A,B:B,A:A,B:B,A:B,A:B,B:B,B:B,A:A,A:B,A:B,A:A,A:A,A:A,A:A,B:B,B:B,A:A
23,A:A,B:B,A:A,A:A,A:A,B:B,A:A,B:B,B:B,B:B,A:A,A:A,B:B,A:A,A:A,A:B,A:A,B:B,B:B,A:A
23,A:A,B:B,A:A,A:A,A:A,B:B,A:B,A:B,A:B,B:B,A:A,A:B,B:B,A:B,A:A,A:B,A:B,B:B,B:B,A:B
23,A:A,B:B,A:A,B:B,A:B,B:B,A:A,B:B,B:B,B:B,A:A,A:B,B:B,A:A,A:A,B:B,A:A,B:B,B:B,A:B
23,A:B,B:B,A:B,A:B,A:A,B:B,B:B,B:B,B:B,B:B,A:A,A:B,B:B,A:A,A:A,B:B,A:A,B:B,B:B,A:A
23,A:B,A:B,A:A,B:B,A:A,B:B,A:B,B:B,B:B,B:B,A:A,A:B,B:B,A:A,A:A,A:B,A:A,B:B,B:B,A:A
23,A:A,A:A,A:A,B:B,A:B,B:B,A:B,B:B,A:B,B:B,A:A,A:B,A:B,A:A,A:A,B:B,A:A,B:B,B:B,A:A
23,A:A,A:B,A:A,B:B,A:A,B:B,A:A,B:B,A:B,B:B,A:A,A:B,B:B,A:A,A:A,B:B,A:A,B:B,B:B,A:A
23,A:A,A:B,B:B,A:B,A:A,B:B,B:B,A:B,B:B,A:B,A:A,B:B,A:B,A:A,A:A,B:B,A:A,B:B,A:B,A:A
23,A:A,A:B,A:B,A:A,A:A,B:B,A:B,A:B,A:B,A:B,A:A,A:B,B:B,A:B,A:A,B:B,A:A,B:B,A:B,B:B
23,A:B,A:B,A:A,B:B,A:B,B:B,A:B,B:B,B:B,B:B,A:A,A:B,B:B,A:A,A:A,A:B,A:A,B:B,B:B,A:A
23,A:A,B:B,A:B,B:B,A:A,B:B,A:B,B:B,B:B,B:B,A:A,B:B,B:B,A:A,A:A,A:B,A:A,B:B,B:B,A:A
23,A:A,A:B,A:A,A:B,B:B,B:B,A:B,A:B,B:B,B:B,A:A,B:B,B:B,A:A,A:A,A:B,A:A,B:B,B:B,A:B
23,A:A,A:B,A:B,B:B,A:B,B:B,A:B,B:B,B:B,B:B,A:A,A:B,B:B,A:A,A:A,A:B,A:A,B:B,B:B,A:A
23,A:A,A:B,A:A,A:B,A:B,B:B,B:B,B:B,B:B,B:B,A:A,B:B,B:B,A:A,A:A,B:B,A:A,B:B,B:B,A:B
23,A:B,A:B,A:A,B:B,A:B,B:B,A:A,B:B,B:B,A:B,A:A,A:B,B:B,A:B,A:A,B:B,A:A,B:B,B:B,A:B
23,A:A,B:B,A:A,A:B,A:B,B:B,B:B,A:B,B:B,B:B,A:B,B:B,B:B,A:A,A:A,B:B,A:A,B:B,B:B,A:A
23,A:A,A:B,A:A,B:B,A:A,B:B,B:B,B:B,B:B,B:B,A:A,B:B,B:B,A:A,A:A,B:B,A:B,B:B,B:B,A:B
23,A:A,A:A,A:A,A:B,A:B,B:B,A:B,B:B,B:B,B:B,A:A,A:A,B:B,A:B,A:A,A:B,A:A,B:B,B:B,A:A
23,A:A,A:B,A:A,B:B,A:B,B:B,B:B,B:B,B:B,B:B,A:A,B:B,A:A,A:A,A:A,A:B,A:A,B:B,B:B,A:A
23,A:A,A:B,A:A,A:B,A:B,B:B,B:B,B:B,B:B,B:B,A:B,A:B,B:B,A:A,A:A,B:B,A:A,B:B,B:B,A:B
23,A:A,A:B,A:A,A:B,A:B,B:B,A:B,B:B,B:B,B:B,A:A,B:B,A:B,A:A,A:A,A:B,A:A,B:B,A:B,A:A
23,A:B,A:A,A:A,B:B,B:B,B:B,A:B,A:B,B:B,B:B,A:A,A:A,B:B,A:A,A:A,A:B,A:A,B:B,B:B,A:B
23,A:B,A:B,A:A,A:B,A:B,B:B,A:B,B:B,B:B,B:B,A:A,B:B,B:B,A:A,A:A,A:B,A:B,B:B,B:B,A:B
23,A:A,B:B,A:A,A:B,A:A,B:B,A:B,A:B,B:B,B:B,A:A,A:B,B:B,A:B,A:A,B:B,A:A,B:B,B:B,A:B
23,A:A,A:B,A:A,B:B,A:A,B:B,B:B,B:B,B:B,B:B,A:A,B:B,B:B,A:A,A:A,A:B,A:A,B:B,B:B,A:B
23,A:A,B:B,A:A,A:B,A:B,B:B,B:B,B:B,B:B,B:B,A:A,A:A,A:B,A:A,A:A,A:B,A:B,B:B,B:B,A:A
23,A:B,B:B,A:A,B:B,A:A,B:B,B:B,B:B,B:B,A:B,A:A,A:B,A:B,A:A,A:A,A:B,A:A,B:B,B:B,A:B
23,A:A,B:B,A:A,A:B,A:A,B:B,B:B,B:B,B:B,B:B,A:A,B:B,B:B,A:B,A:A,B:B,A:A,B:B,B:B,A:A
23,A:A,A:B,A:A,A:B,A:A,B:B,A:B,B:B,B:B,B:B,A:A,B:B,A:A,A:A,A:A,B:B,A:B,B:B,B:B,A:A
23,A:A,A:B,A:A,B:B,A:B,B:B,A:B,B:B,B:B,B:B,A:A,B:B,B:B,A:B,A:A,B:B,A:A,B:B,B:B,A:A
23,A:A,B:B,A:B,A:B,A:A,B:B,B:B,A:B,B:B,B:B,A:A,A:A,B:B,A:A,A:A,A:B,A:A,B:B,B:B,A:A
24,A:B,B:B,A:B,A:B,A:A,B:B,B:B,B:B,B:B,B:B,A:A,B:B,B:B,A:A,A:A,B:B,A:A,B:B,B:B,A:A
24,A:A,B:B,A:A,B:B,A:A,B:B,B:B,B:B,B:B,B:B,A:A,A:B,B:B,A:A,A:A,B:B,A:A,B:B,B:B,B:B
24,A:A,A:B,B:B,A:B,B:B,B:B,B:B,B:B,B:B,B:B,A:A,A:B,B:B,A:B,A:A,B:B,A:A,B:B,B:B,A:A
24,A:A,B:B,B:B,A:B,A:B,B:B,B:B,B:B,B:B,B:B,A:A,B:B,B:B,A:B,A:A,B:B,A:A,B:B,B:B,A:B
24,A:A,A:B,B:B,A:A,B:B,B:B,B:B,B:B,B:B,B:B,A:A,A:A,B:B,A:B,A:A,A:B,A:A,B:B,B:B,A:B
24,A:A,A:B,B:B,A:A,B:B,B:B,B:B,B:B,B:B,B:B,A:A,A:A,A:B,A:B,A:A,A:B,A:A,B:B,B:B,A:A
24,A:B,A:B,B:B,A:B,A:A,B:B,A:B,B:B,B:B,B:B,A:A,A:B,A:B,B:B,A:A,B:B,A:A,B:B,B:B,B:B
24,B:B,B:B,B:B,A:B,A:A,B:B,A:B,B:B,B:B,B:B,A:A,A:B,B:B,A:B,A:A,B:B,A:A,B:B,A:B,A:A
24,A:B,B:B,B:B,A:B,A:B,B:B,B:B,B:B,B:B,B:B,A:A,A:B,B:B,A:B,A:A,A:B,A:A,B:B,B:B,A:B
24,A:A,B:B,A:A,B:B,A:A,B:B,B:B,B:B,B:B,A:A,A:A,A:A,A:B,A:B,A:A,B:B,A:A,B:B,B:B,B:B
24,A:B,B:B,A:B,B:B,A:B,B:B,B:B,B:B,B:B,A:B,A:A,A:B,B:B,A:A,A:A,A:B,A:A,B:B,B:B,A:A
24,A:A,B:B,A:A,B:B,B:B,B:B,A:B,B:B,B:B,B:B,A:A,B:B,B:B,A:B,A:A,B:B,A:A,B:B,B:B,A:B
24,A:B,B:B,B:B,A:B,B:B,B:B,B:B,B:B,B:B,A:B,A:A,A:B,B:B,A:A,A:A,A:B,A:A,B:B,B:B,A:A
24,B:B,B:B,A:B,B:B,A:B,B:B,A:B,B:B,B:B,B:B,A:A,A:B,A:B,A:A,A:A,A:B,A:A,B:B,A:B,A:B
24,A:B,B:B,A:B,B:B,A:B,B:B,B:B,B:B,B:B,B:B,A:A,A:B,B:B,A:B,A:A,B:B,A:A,B:B,B:B,B:B
24,A:B,B:B,B:B,B:B,A:B,B:B,B:B,B:B,B:B,A:B,A:A,A:B,B:B,A:B,A:A,A:B,A:A,B:B,B:B,A:A
24,B:B,B:B,A:B,B:B,B:B,B:B,B:B,B:B,B:B,B:B,A:A,A:B,B:B,A:A,A:A,B:B,A:A,B:B,B:B,A:A
24,A:B,A:B,B:B,A:B,A:B,B:B,B:B,B:B,B:B,B:B,A:A,A:A,A:B,A:B,A:A,A:A,A:A,B:B,B:B,A:A
24,A:B,B:B,B:B,A:A,B:B,B:B,B:B,B:B,B:B,B:B,A:A,B:B,A:B,A:B,A:A,B:B,A:A,B:B,B:B,A:B
24,A:B,B:B,B:B,A:B,A:B,B:B,B:B,B:B,B:B,B:B,A:A,A:B,B:B,A:A,A:A,A:A,A:A,B:B,B:B,A:B
24,B:B,B:B,A:A,B:B,A:B,B:B,B:B,B:B,B:B,B:B,A:A,A:B,B:B,A:B,A:A,A:A,A:A,B:B,B:B,A:B
24,A:B,A:B,A:B,A:B,A:A,B:B,B:B,B:B,B:B,B:B,A:A,A:B,B:B,A:B,A:A,B:B,A:A,B:B,A:B,B:B
24,A:B,B:B,B:B,A:B,A:B,B:B,B:B,B:B,B:B,B:B,A:A,A:A,B:B,A:B,A:A,A:A,A:A,B:B,B:B,A:B
24,A:A,B:B,B:B,B:B,A:B,B:B,B:B,B:B,B:B,B:B,A:A,A:A,B:B,A:B,A:A,A:A,A:A,B:B,B:B,A:B
24,A:A,A:B,B:B,B:B,B:B,B:B,B:B,B:B,B:B,A:B,A:A,A:B,B:B,A:B,A:A,B:B,A:A,B:B,B:B,A:A
24,A:A,B:B,A:B,B:B,B:B,B:B,B:B,B:B,B:B,A:B,A:A,A:A,B:B,A:B,A:A,A:B,A:A,B:B,B:B,B:B
24,A:B,B:B,B:B,B:B,B:B,B:B,A:B,B:B,B:B,A:B,A:A,B:B,B:B,A:B,A:A,B:B,A:A,B:B,B:B,B:B
24,A:A,B:B,A:B,A:A,A:A,B:B,B:B,B:B,B:B,B:B,A:A,A:B,B:B,A:B,A:A,B:B,A:A,B:B,A:B,B:B
24,B:B,B:B,B:B,B:B,B:B,B:B,B:B,B:B,B:B,B:B,A:A,A:B,B:B,A:B,A:A,B:B,A:A,B:B,B:B,A:B
24,A:B,B:B,B:B,A:B,A:B,B:B,B:B,B:B,B:B,A:B,A:B,A:B,B:B,B:B,A:A,A:A,A:A,B:B,B:B,A:B
24,A:A,B:B,A:B,A:B,A:B,B:B,B:B,B:B,A:B,A:B,A:A,A:A,B:B,A:B,A:A,A:A,A:A,B:B,B:B,B:B
24,A:B,B:B,B:B,A:B,A:B,B:B,B:B,B:B,B:B,A:B,A:A,A:A,B:B,A:B,A:A,A:A,A:A,B:B,B:B,B:B
24,A:B,B:B,A:B,A:B,A:B,B:B,B:B,B:B,B:B,A:B,A:A,A:B,B:B,A:A,A:A,A:A,A:A,B:B,B:B,B:B
24,A:A,B:B,A:B,B:B,B:B,B:B,B:B,B:B,B:B,A:B,A:A,A:A,B:B,A:B,A:A,B:B,A:A,B:B,B:B,B:B
24,A:A,A:A,B:B,A:B,A:B,B:B,B:B,B:B,B:B,B:B,A:A,A:A,B:B,B:B,A:A,B:B,A:A,B:B,B:B,A:B
24,A:B,B:B,A:B,A:B,B:B,B:B,B:B,B:B,B:B,A:B,A:A,A:B,B:B,A:A,A:A,A:A,A:A,B:B,A:B,B:B
24,A:B,B:B,B:B,A:A,B:B,B:B,B:B,B:B,B:B,B:B,A:A,B:B,B:B,A:A,A:A,A:B,A:A,B:B,B:B,A:B
24,A:B,B:B,A:A,B:B,A:A,B:B,B:B,B:B,B:B,A:B,A:A,A:B,B:B,A:B,A:A,A:B,A:B,B:B,B:B,B:B
24,A:A,B:B,B:B,A:B,B:B,B:B,A:B,B:B,B:B,A:B,A:A,A:B,A:B,B:B,A:A,A:B,A:A,B:B,B:B,A:B
24,A:A,B:B,A:B,A:B,A:B,B:B,B:B,B:B,B:B,A:A,A:A,A:A,B:B,A:A,A:A,B:B,A:A,B:B,B:B,A:A
24,A:B,A:B,A:B,B:B,A:A,B:B,B:B,B:B,B:B,A:B,A:A,A:A,B:B,A:A,A:A,B:B,A:A,B:B,B:B,A:B
24,A:B,A:B,A:B,A:B,B:B,B:B,A:B,B:B,B:B,B:B,A:A,A:B,B:B,A:A,A:A,B:B,A:A,B:B,B:B,B:B
24,A:A,B:B,A:B,A:B,A:B,B:B,A:A,B:B,B:B,B:B,A:A,A:B,A:B,B:B,A:A,B:B,A:A,B:B,B:B,B:B
24,A:B,B:B,B:B,A:B,B:B,B:B,B:B,B:B,B:B,B:B,A:A,B:B,B:B,A:B,A:A,B:B,A:A,B:B,B:B,A:B
24,A:B,B:B,A:B,A:A,A:B,B:B,B:B,B:B,B:B,A:A,A:A,A:B,B:B,A:B,A:A,B:B,A:A,B:B,B:B,B:B
24,A:B,B:B,A:B,B:B,B:B,B:B,A:B,B:B,B:B,B:B,A:A,A:B,B:B,A:B,A:A,B:B,A:A,B:B,B:B,A:A
24,A:A,B:B,A:B,B:B,A:B,B:B,B:B,B:B,B:B,A:B,A:A,A:A,A:B,A:B,A:A,B:B,A:A,B:B,B:B,A:B
24,A:B,B:B,B:B,A:B,A:A,B:B,B:B,B:B,B:B,B:B,A:A,B:B,A:B,A:B,A:A,A:B,A:A,B:B,B:B,A:B
24,A:B,B:B,A:A,A:B,B:B,B:B,B:B,B:B,B:B,B:B,A:A,B:B,B:B,A:B,A:A,A:B,A:A,B:B,B:B,A:B
24,A:B,B:B,B:B,A:B,A:B,B:B,B:B,B:B,B:B,B:B,A:A,A:B,B:B,A:A,A:A,B:B,A:A,B:B,B:B,A:A
24,A:A,B:B,B:B,B:B,B:B,B:B,B:B,B:B,B:B,B:B,A:A,B:B,B:B,A:A,A:A,B:B,A:A,B:B,B:B,B:B
24,A:A,B:B,B:B,A:B,A:B,B:B,B:B,B:B,A:B,B:B,A:A,A:B,B:B,A:B,A:A,A:B,A:A,B:B,B:B,B:B
24,A:B,B:B,A:B,A:B,B:B,B:B,B:B,B:B,B:B,B:B,A:A,A:B,B:B,A:B,A:A,A:B,A:A,B:B,B:B,A:B
24,A:A,B:B,A:A,A:B,A:B,B:B,B:B,B:B,B:B,B:B,A:A,A:B,B:B,A:A,A:A,B:B,A:A,B:B,B:B,A:A
24,A:B,B:B,A:B,A:B,A:A,B:B,A:B,A:B,B:B,A:B,A:A,A:B,B:B,A:A,A:A,A:B,A:B,B:B,B:B,A:B
24,A:B,B:B,A:A,B:B,A:B,B:B,A:B,B:B,B:B,A:B,A:A,B:B,B:B,A:A,A:A,A:B,A:A,B:B,B:B,B:B
24,A:B,B:B,A:B,A:B,A:B,B:B,B:B,B:B,B:B,B:B,A:A,A:B,A:B,A:B,A:A,A:A,A:A,B:B,A:B,A:B
24,A:B,B:B,A:B,B:B,A:B,B:B,B:B,B:B,B:B,B:B,A:A,A:B,B:B,A:A,A:A,B:B,A:A,B:B,B:B,B:B
24,A:A,B:B,A:B,A:A,B:B,B:B,A:B,B:B,B:B,B:B,A:A,A:B,A:B,A:B,A:A,A:B,A:A,B:B,A:B,A:B
24,A:B,B:B,A:A,A:B,B:B,B:B,B:B,B:B,B:B,A:B,A:A,A:A,B:B,A:B,A:A,A:B,A:A,B:B,B:B,B:B
24,A:B,B:B,B:B,B:B,A:A,B:B,A:B,B:B,B:B,B:B,A:A,A:B,B:B,A:A,A:A,A:B,A:A,B:B,B:B,A:B
24,A:B,B:B,A:B,B:B,A:A,B:B,B:B,B:B,B:B,A:B,A:A,B:B,B:B,A:A,A:A,A:B,A:A,B:B,B:B,B:B
24,A:B,B:B,A:B,A:A,A:A,B:B,A:B,B:B,B:B,B:B,A:A,A:B,B:B,B:B,A:A,B:B,A:A,B:B,B:B,B:B
24,A:A,B:B,B:B,B:B,A:B,B:B,B:B,B:B,B:B,A:B,A:A,B:B,B:B,A:B,A:A,A:B,A:A,B:B,B:B,B:B
24,A:B,A:B,B:B,B:B,B:B,B:B,B:B,B:B,B:B,A:B,A:A,A:B,B:B,A:B,A:A,B:B,A:A,B:B,B:B,B:B
24,A:A,A:B,A:B,A:A,A:B,B:B,A:B,B:B,B:B,B:B,A:A,A:A,B:B,A:A,A:A,A:A,A:B,B:B,B:B,B:B
24,A:A,A:B,A:B,B:B,A:A,B:B,A:B,B:B,B:B,B:B,A:A,A:B,B:B,A:A,A:A,A:B,A:A,B:B,B:B,A:A
24,A:B,B:B,A:B,A:B,A:B,B:B,B:B,B:B,B:B,B:B,A:A,A:A,B:B,A:B,A:A,A:B,A:A,B:B,B:B,A:B
24,A:A,B:B,B:B,A:B,A:B,B:B,B:B,B:B,B:B,B:B,A:A,A:B,B:B,A:B,A:A,B:B,A:A,B:B,B:B,B:B
24,A:A,A:B,B:B,B:B,B:B,B:B,B:B,B:B,B:B,B:B,A:A,A:B,B:B,B:B,A:A,A:B,A:A,B:B,B:B,A:A
24,A:A,B:B,B:B,B:B,A:B,B:B,A:B,B:B,B:B,B:B,A:A,A:B,B:B,A:B,A:A,A:B,A:A,B:B,B:B,B:B
24,A:B,B:B,A:B,A:B,A:B,B:B,B:B,B:B,B:B,B:B,A:A,A:B,B:B,A:B,A:A,B:B,A:A,B:B,B:B,B:B
24,A:A,A:B,A:A,B:B,A:B,B:B,B:B,B:B,B:B,A:B,A:A,A:A,B:B,A:B,A:A,A:B,A:A,B:B,B:B,A:B
24,A:A,B:B,B:B,A:B,A:B,B:B,B:B,B:B,B:B,B:B,A:A,A:B,B:B,A:B,A:A,B:B,A:A,B:B,B:B,B:B
24,A:B,B:B,B:B,A:B,A:B,B:B,A:B,B:B,B:B,B:B,A:A,A:B,B:B,A:B,A:A,B:B,A:A,B:B,A:B,B:B
24,A:A,B:B,A:B,A:B,A:B,B:B,B:B,B:B,B:B,B:B,A:A,B:B,B:B,A:A,A:A,A:B,A:A,B:B,B:B,B:B
24,B:B,B:B,A:B,A:B,A:B,B:B,B:B,B:B,B:B,A:A,A:A,A:A,B:B,A:A,A:A,B:B,A:A,B:B,B:B,A:A
24,A:B,A:B,A:B,A:A,A:A,B:B,B:B,A:B,B:B,A:B,A:A,B:B,B:B,A:A,A:A,A:A,A:A,B:B,B:B,A:B
24,A:B,A:B,A:B,B:B,B:B,B:B,B:B,B:B,B:B,B:B,A:A,A:B,A:B,A:A,A:A,B:B,A:A,B:B,B:B,A:B
24,A:B,B:B,B:B,B:B,A:B,B:B,B:B,B:B,B:B,B:B,A:A,A:B,A:B,A:B,A:A,B:B,A:A,B:B,B:B,A:B
24,B:B,B:B,B:B,A:B,A:A,B:B,B:B,B:B,B:B,B:B,A:A,A:B,B:B,A:A,A:A,B:B,A:A,B:B,A:B,B:B
24,A:A,B:B,B:B,A:B,A:B,B:B,B:B,B:B,B:B,B:B,A:A,A:B,B:B,A:B,A:A,B:B,A:A,B:B,B:B,B:B
24,A:A,B:B,B:B,B:B,A:B,B:B,A:B,B:B,B:B,A:B,A:A,A:A,B:B,B:B,A:A,A:B,A:A,B:B,B:B,A:B
24,A:B,B:B,A:A,B:B,B:B,B:B,B:B,B:B,B:B,B:B,A:A,A:B,A:B,A:B,A:A,A:B,A:A,B:B,B:B,B:B
24,A:A,A:B,B:B,B:B,A:B,B:B,B:B,B:B,B:B,B:B,A:A,A:B,B:B,A:B,A:A,B:B,A:A,B:B,B:B,A:A
24,A:B,B:B,A:A,B:B,A:B,B:B,B:B,B:B,B:B,B:B,A:A,A:B,A:B,A:B,A:A,A:B,A:A,B:B,B:B,A:B
24,A:A,B:B,A:B,A:B,B:B,B:B,A:B,B:B,B:B,B:B,A:A,B:B,B:B,A:A,A:A,A:B,A:A,B:B,B:B,B:B
24,A:B,B:B,B:B,A:B,B:B,B:B,B:B,B:B,B:B,B:B,A:A,A:B,B:B,A:B,A:A,A:B,A:A,B:B,A:B,A:B
24,A:B,B:B,B:B,B:B,B:B,B:B,B:B,B:B,B:B,A:B,A:A,A:B,B:B,A:A,A:A,A:A,A:A,B:B,B:B,A:B
24,A:B,B:B,B:B,B:B,A:B,B:B,B:B,B:B,B:B,B:B,A:A,B:B,B:B,A:A,A:A,A:B,A:A,B:B,A:B,A:A
24,A:A,A:B,B:B,B:B,A:B,B:B,A:B,B:B,B:B,A:A,A:A,A:B,B:B,A:B,A:A,A:B,A:A,B:B,B:B,A:A
24,A:B,B:B,A:B,B:B,A:B,B:B,B:B,B:B,B:B,A:B,A:A,A:A,B:B,A:A,A:A,A:B,A:A,B:B,B:B,B:B
24,A:A,B:B,A:B,A:B,A:A,B:B,A:B,B:B,B:B,B:B,A:A,A:B,B:B,A:A,A:A,B:B,A:A,B:B,B:B,A:B
24,A:B,B:B,A:B,A:A,A:B,B:B,B:B,B:B,B:B,A:B,A:A,A:B,B:B,A:A,A:A,B:B,A:A,B:B,B:B,A:B
24,A:A,B:B,A:B,A:B,A:B,B:B,B:B,B:B,B:B,A:B,A:B,B:B,B:B,A:B,A:A,A:B,A:A,B:B,A:B,A:B
24,A:A,B:B,A:A,A:A,A:B,B:B,A:B,B:B,B:B,B:B,A:A,A:B,B:B,B:B,A:A,A:B,A:A,B:B,A:B,B:B
24,A:B,A:B,B:B,A:B,B:B,B:B,B:B,B:B,B:B,A:B,A:A,A:B,A:B,A:B,A:A,A:B,A:A,B:B,B:B,A:B
24,A:B,B:B,A:B,A:B,A:B,B:B,A:B,B:B,B:B,B:B,A:A,A:B,A:B,A:B,A:A,B:B,A:A,B:B,B:B,B:B
24,A:A,B:B,B:B,A:B,A:B,B:B,B:B,B:B,A:B,B:B,A:A,B:B,B:B,A:A,A:A,B:B,A:A,B:B,B:B,A:A
24,A:A,B:B,A:A,B:B,A:B,B:B,B:B,B:B,B:B,A:B,A:A,A:A,B:B,A:A,A:A,B:B,A:A,B:B,B:B,B:B
25,A:A,B:B,B:B,A:B,A:B,B:B,B:B,B:B,B:B,B:B,A:A,A:A,B:B,A:A,A:A,A:B,A:A,B:B,B:B,A:B
25,A:B,B:B,A:B,A:A,A:B,B:B,B:B,B:B,B:B,B:B,A:A,A:B,B:B,A:A,A:A,A:B,A:A,B:B,A:B,A:B
25,A:B,B:B,B:B,B:B,B:B,B:B,B:B,B:B,B:B,B:B,A:A,A:A,B:B,A:A,A:A,A:B,A:A,B:B,B:B,A:A
25,B:B,A:B,A:B,B:B,A:A,B:B,B:B,B:B,B:B,B:B,A:A,A:B,B:B,A:A,A:A,B:B,A:A,B:B,B:B,A:B
25,B:B,B:B,A:A,A:B,B:B,B:B,B:B,B:B,B:B,B:B,A:A,B:B,B:B,A:A,A:A,A:B,A:A,B:B,B:B,A:A
25,A:A,B:B,A:B,B:B,A:B,B:B,B:B,B:B,A:B,B:B,A:A,B:B,B:B,B:B,A:A,B:B,A:A,B:B,B:B,A:A
25,B:B,B:B,A:A,B:B,A:A,B:B,B:B,B:B,A:B,B:B,A:A,B:B,B:B,B:B,A:A,B:B,A:A,B:B,B:B,A:A
25,A:B,A:B,A:B,A:B,B:B,B:B,B:B,B:B,B:B,B:B,A:A,A:B,B:B,A:A,A:A,B:B,A:A,B:B,B:B,A:A
25,A:B,B:B,B:B,B:B,B:B,B:B,A:B,B:B,B:B,B:B,A:B,B:B,B:B,A:A,A:A,B:B,A:A,B:B,B:B,A:A
25,A:B,B:B,A:B,A:A,B:B,B:B,B:B,B:B,B:B,B:B,A:A,B:B,B:B,A:B,A:A,B:B,A:A,B:B,B:B,A:A
25,A:A,B:B,B:B,A:A,B:B,B:B,B:B,B:B,B:B,B:B,A:A,B:B,B:B,A:A,A:A,B:B,A:A,B:B,B:B,A:B
25,A:A,B:B,A:B,A:A,B:B,B:B,A:B,B:B,B:B,B:B,A:B,A:A,B:B,A:B,A:A,B:B,A:A,B:B,B:B,A:B
25,B:B,B:B,A:A,A:B,B:B,B:B,B:B,B:B,B:B,B:B,A:A,A:B,B:B,A:A,A:A,B:B,A:A,B:B,B:B,A:B
25,A:A,B:B,B:B,B:B,A:B,B:B,B:B,B:B,B:B,B:B,B:B,A:B,B:B,A:A,A:A,B:B,A:A,B:B,B:B,A:A
25,A:A,B:B,B:B,A:B,A:B,B:B,B:B,B:B,B:B,B:B,A:A,B:B,B:B,A:A,A:A,B:B,A:A,B:B,B:B,A:A
25,A:A,B:B,A:B,A:B,B:B,B:B,B:B,B:B,B:B,B:B,A:A,A:B,B:B,B:B,A:A,B:B,A:A,B:B,B:B,A:B
25,A:A,B:B,B:B,A:B,B:B,B:B,B:B,B:B,B:B,B:B,A:A,A:B,B:B,B:B,A:A,B:B,A:A,B:B,B:B,A:A
25,A:B,B:B,B:B,B:B,B:B,B:B,B:B,B:B,B:B,B:B,A:A,B:B,B:B,A:A,A:A,B:B,A:A,B:B,B:B,A:A
25,B:B,B:B,A:B,A:B,B:B,B:B,A:B,B:B,B:B,B:B,A:B,A:B,B:B,A:B,A:A,B:B,A:A,B:B,B:B,A:B
25,A:A,B:B,B:B,A:A,A:B,B:B,B:B,B:B,B:B,B:B,A:A,A:A,B:B,A:B,A:A,B:B,A:A,B:B,B:B,A:A
25,A:B,A:B,A:B,B:B,B:B,B:B,A:B,B:B,B:B,B:B,A:A,A:B,B:B,A:B,A:A,A:B,A:A,B:B,B:B,A:A
25,A:A,B:B,B:B,A:B,B:B,B:B,B:B,B:B,B:B,B:B,A:A,B:B,B:B,A:A,A:A,B:B,A:A,B:B,B:B,A:A
25,A:B,B:B,B:B,A:B,A:B,B:B,B:B,B:B,B:B,B:B,A:B,A:B,B:B,A:A,A:A,A:B,A:A,B:B,B:B,A:A
25,A:B,B:B,A:B,A:A,A:B,B:B,B:B,B:B,B:B,B:B,A:A,B:B,B:B,A:A,A:A,A:B,A:A,B:B,B:B,A:A
25,A:A,A:B,B:B,A:B,B:B,B:B,B:B,B:B,B:B,B:B,B:B,B:B,B:B,A:A,A:A,B:B,A:A,B:B,B:B,A:A
25,A:B,B:B,B:B,B:B,B:B,B:B,B:B,B:B,B:B,B:B,A:A,B:B,B:B,A:A,A:A,B:B,A:A,B:B,B:B,A:B
25,A:B,B:B,B:B,A:B,B:B,B:B,B:B,B:B,B:B,B:B,A:B,A:B,B:B,B:B,A:A,B:B,A:A,B:B,B:B,A:B
25,A:B,B:B,A:B,A:A,A:B,B:B,B:B,B:B,B:B,B:B,A:A,A:B,B:B,A:B,A:A,A:B,A:A,B:B,B:B,A:A
25,A:B,A:B,B:B,A:B,A:B,B:B,B:B,B:B,B:B,B:B,A:B,A:B,B:B,A:A,A:A,B:B,A:A,B:B,B:B,A:B
25,A:B,B:B,B:B,A:B,A:B,B:B,A:B,B:B,B:B,B:B,A:A,B:B,B:B,A:A,A:A,A:B,A:A,B:B,B:B,A:A
25,A:A,B:B,A:B,B:B,B:B,B:B,B:B,B:B,B:B,B:B,A:A,A:B,B:B,A:B,A:A,B:B,A:A,B:B,B:B,A:A
25,A:A,A:B,A:B,A:A,B:B,B:B,A:B,B:B,B:B,B:B,A:A,A:A,B:B,A:B,A:A,B:B,A:A,B:B,B:B,A:A
25,A:B,A:B,A:B,A:B,A:B,B:B,A:B,B:B,A:B,B:B,A:A,A:B,B:B,A:B,A:A,A:B,A:A,B:B,B:B,A:A
25,A:B,B:B,B:B,B:B,A:B,B:B,A:A,B:B,B:B,B:B,A:A,A:B,B:B,A:B,A:A,A:B,A:A,B:B,B:B,A:A
25,A:A,B:B,B:B,A:B,B:B,B:B,B:B,B:B,B:B,B:B,A:B,A:B,B:B,A:B,A:A,B:B,A:A,B:B,B:B,A:A
25,A:A,B:B,A:B,B:B,A:A,B:B,B:B,B:B,B:B,B:B,A:A,A:B,B:B,A:B,A:A,A:B,A:A,B:B,B:B,A:B
25,A:A,B:B,B:B,A:B,A:A,B:B,A:B,B:B,B:B,B:B,A:A,A:B,B:B,A:A,A:A,B:B,A:A,B:B,B:B,A:B
25,A:A,B:B,A:B,A:A,A:B,B:B,B:B,B:B,B:B,B:B,A:A,B:B,B:B,A:B,A:A,B:B,A:A,B:B,B:B,A:A
25,A:B,A:A,A:B,A:A,A:B,B:B,B:B,B:B,B:B,B:B,A:A,A:B,B:B,A:A,A:A,B:B,A:A,B:B,B:B,A:A
25,A:B,B:B,A:B,B:B,B:B,B:B,B:B,B:B,B:B,B:B,B:B,A:B,B:B,A:B,A:A,B:B,A:A,B:B,B:B,A:A
25,A:A,A:B,A:A,A:B,B:B,B:B,B:B,B:B,B:B,B:B,A:A,A:B,B:B,A:B,A:A,B:B,A:A,B:B,B:B,A:B
25,A:A,B:B,B:B,A:B,B:B,B:B,B:B,B:B,B:B,B:B,A:A,B:B,B:B,A:A,A:A,B:B,A:A,B:B,B:B,A:A
25,A:B,A:B,B:B,A:B,B:B,B:B,B:B,B:B,B:B,B:B,B:B,A:B,B:B,A:A,A:A,B:B,A:A,B:B,B:B,A:A
25,A:B,B:B,A:B,A:B,B:B,B:B,A:B,B:B,B:B,A:B,A:A,A:A,B:B,B:B,A:A,B:B,A:A,B:B,B:B,A:B
25,A:B,B:B,B:B,A:A,A:B,B:B,B:B,B:B,B:B,B:B,A:B,A:B,B:B,A:B,A:A,B:B,A:A,B:B,B:B,A:A
25,B:B,B:B,A:B,B:B,B:B,B:B,A:B,B:B,B:B,B:B,A:A,A:B,B:B,A:A,A:A,B:B,A:A,B:B,B:B,A:A
25,A:B,A:B,B:B,A:B,B:B,B:B,B:B,B:B,B:B,B:B,A:A,B:B,B:B,A:B,A:A,A:A,A:A,B:B,B:B,A:A
25,A:A,B:B,A:B,A:A,A:B,B:B,B:B,B:B,B:B,B:B,A:A,A:B,B:B,A:A,A:A,A:B,A:A,B:B,B:B,A:B
25,A:A,B:B,A:B,B:B,A:B,B:B,B:B,B:B,B:B,B:B,A:B,A:B,B:B,A:A,A:A,A:B,A:A,B:B,B:B,A:A
25,A:A,A:B,A:B,A:B,B:B,B:B,B:B,B:B,B:B,B:B,A:B,A:A,B:B,A:B,A:A,B:B,A:A,B:B,B:B,A:A
25,A:A,B:B,B:B,B:B,B:B,B:B,A:B,B:B,B:B,B:B,A:A,A:A,B:B,A:B,A:A,A:B,A:A,B:B,B:B,A:B
25,A:B,A:A,B:B,A:A,B:B,B:B,B:B,B:B,B:B,B:B,A:A,A:A,B:B,A:A,A:A,A:A,A:A,B:B,B:B,A:A
25,A:B,B:B,A:A,A:B,A:B,B:B,B:B,B:B,B:B,B:B,A:B,A:B,B:B,A:B,A:A,A:B,A:A,B:B,B:B,A:A
25,A:B,B:B,A:B,A:B,A:B,B:B,A:B,B:B,B:B,B:B,A:A,A:B,B:B,A:A,A:A,A:B,A:A,B:B,B:B,A:A
25,A:A,B:B,B:B,A:B,B:B,B:B,B:B,B:B,B:B,B:B,A:B,A:B,B:B,A:A,A:A,B:B,A:A,B:B,B:B,A:A
25,A:B,B:B,A:B,B:B,B:B,B:B,B:B,B:B,B:B,B:B,A:A,A:B,B:B,B:B,A:A,A:B,A:A,B:B,B:B,A:B
25,A:A,B:B,B:B,A:A,A:B,B:B,B:B,B:B,B:B,B:B,A:A,A:B,B:B,A:A,A:A,B:B,A:A,B:B,B:B,A:A
25,A:A,B:B,A:B,A:B,A:A,B:B,A:B,B:B,B:B,B:B,A:B,A:B,B:B,A:A,A:A,B:B,A:A,B:B,B:B,A:A
25,A:A,B:B,B:B,A:B,A:B,B:B,B:B,B:B,B:B,B:B,A:A,B:B,B:B,A:B,A:A,A:B,A:A,B:B,B:B,A:A
25,A:B,B:B,B:B,A:A,A:B,B:B,B:B,B:B,B:B,B:B,A:A,A:A,B:B,B:B,A:A,B:B,A:A,B:B,B:B,A:A
25,A:A,B:B,A:B,A:B,A:B,B:B,A:B,B:B,A:B,B:B,A:A,B:B,B:B,A:B,A:A,B:B,A:A,B:B,B:B,A:A
25,B:B,B:B,B:B,B:B,A:B,B:B,B:B,B:B,B:B,A:B,A:A,A:A,B:B,A:A,A:A,B:B,A:A,B:B,B:B,A:B
25,A:B,A:B,B:B,A:B,A:B,B:B,B:B,B:B,B:B,B:B,A:B,B:B,B:B,A:A,A:A,B:B,A:A,B:B,B:B,A:A
25,A:A,B:B,B:B,A:B,A:A,B:B,B:B,B:B,B:B,B:B,A:A,A:B,B:B,A:B,A:A,B:B,A:A,B:B,B:B,A:A
25,A:A,B:B,A:B,A:A,B:B,B:B,B:B,B:B,B:B,B:B,A:B,B:B,B:B,A:B,A:A,B:B,A:A,B:B,B:B,A:B
25,B:B,B:B,A:B,A:B,B:B,B:B,B:B,B:B,B:B,B:B,A:B,B:B,B:B,A:B,A:A,B:B,A:A,B:B,B:B,A:A
25,A:A,B:B,B:B,A:A,B:B,B:B,B:B,B:B,A:B,B:B,A:A,A:A,B:B,A:B,A:A,B:B,A:A,B:B,B:B,A:A
25,A:A,B:B,B:B,A:B,A:B,B:B,B:B,B:B,B:B,B:B,A:A,A:A,B:B,A:A,A:A,A:A,A:A,B:B,B:B,A:A
25,A:A,B:B,B:B,A:B,B:B,B:B,B:B,B:B,B:B,B:B,A:A,B:B,B:B,A:B,A:A,B:B,A:A,B:B,B:B,A:B
25,B:B,B:B,A:B,B:B,B:B,B:B,B:B,B:B,B:B,B:B,A:A,B:B,B:B,A:A,A:A,A:B,A:A,B:B,B:B,A:B
25,A:A,B:B,A:A,A:B,B:B,B:B,B:B,B:B,B:B,B:B,A:B,B:B,B:B,A:A,A:A,B:B,A:A,B:B,B:B,A:A
25,A:B,B:B,A:B,A:B,B:B,B:B,B:B,B:B,B:B,B:B,A:A,A:A,B:B,A:A,A:A,B:B,A:A,B:B,B:B,A:A
25,A:A,B:B,A:A,B:B,A:B,B:B,A:B,B:B,A:B,B:B,A:A,B:B,B:B,A:B,A:A,B:B,A:A,B:B,B:B,A:A
25,A:A,A:A,A:B,A:B,B:B,B:B,B:B,B:B,A:B,B:B,A:A,A:B,B:B,A:B,A:A,B:B,A:A,B:B,B:B,A:A
25,A:B,B:B,B:B,A:A,B:B,B:B,B:B,B:B,A:B,B:B,A:A,A:A,B:B,A:A,A:A,B:B,A:A,B:B,B:B,A:A
25,A:A,A:B,B:B,B:B,A:A,B:B,B:B,B:B,B:B,B:B,A:B,A:B,B:B,A:A,A:A,A:B,A:A,B:B,B:B,A:A
25,A:B,A:B,B:B,A:B,B:B,B:B,A:B,B:B,B:B,B:B,A:A,B:B,B:B,A:A,A:A,B:B,A:A,B:B,B:B,A:B
25,A:A,B:B,A:B,A:B,A:B,B:B,B:B,B:B,B:B,B:B,A:A,B:B,B:B,A:A,A:A,B:B,A:A,B:B,B:B,A:A
25,A:A,B:B,A:B,A:B,A:A,B:B,B:B,B:B,B:B,B:B,A:A,B:B,B:B,A:B,A:A,B:B,A:A,B:B,B:B,A:A
25,B:B,B:B,A:B,A:B,B:B,B:B,B:B,B:B,B:B,B:B,A:A,B:B,B:B,A:A,A:A,A:B,A:A,B:B,B:B,A:A
25,A:B,A:B,A:B,A:B,A:B,B:B,B:B,B:B,B:B,B:B,A:B,A:B,B:B,A:A,A:A,A:B,A:A,B:B,B:B,A:A
25,B:B,B:B,A:B,A:A,B:B,B:B,B:B,B:B,A:B,B:B,A:A,B:B,B:B,A:A,A:A,B:B,A:A,B:B,B:B,A:A
25,A:A,A:B,B:B,A:B,B:B,B:B,A:B,B:B,B:B,B:B,A:B,A:B,B:B,B:B,A:A,B:B,A:A,B:B,B:B,A:B
25,A:A,B:B,B:B,A:B,B:B,B:B,B:B,B:B,B:B,B:B,A:B,A:B,B:B,A:B,A:A,B:B,A:A,B:B,B:B,A:A
25,A:A,B:B,B:B,A:B,B:B,B:B,B:B,B:B,B:B,B:B,A:A,A:A,B:B,A:A,A:A,A:B,A:A,B:B,B:B,A:A
25,A:A,A:B,B:B,A:A,A:A,B:B,B:B,B:B,B:B,B:B,A:A,A:B,B:B,B:B,A:A,B:B,A:A,B:B,B:B,A:A
25,B:B,A:B,A:B,A:A,B:B,B:B,B:B,B:B,B:B,B:B,A:B,A:B,B:B,A:B,A:A,A:B,A:A,B:B,B:B,A:A
25,A:B,A:B,B:B,A:A,B:B,B:B,B:B,B:B,B:B,B:B,A:B,A:B,B:B,A:A,A:A,B:B,A:A,B:B,B:B,A:A
25,A:A,A:B,B:B,A:A,A:A,B:B,B:B,B:B,B:B,B:B,A:B,A:B,B:B,A:A,A:A,A:B,A:A,B:B,B:B,A:A
25,B:B,A:B,B:B,A:A,B:B,B:B,B:B,B:B,B:B,B:B,B:B,A:B,B:B,B:B,A:A,B:B,A:A,B:B,B:B,A:A
25,A:A,B:B,A:A,A:A,B:B,B:B,B:B,B:B,B:B,B:B,A:A,B:B,B:B,A:B,A:A,B:B,A:A,B:B,B:B,A:B
25,A:A,B:B,A:B,A:A,A:B,B:B,B:B,B:B,B:B,B:B,A:B,B:B,B:B,A:A,A:A,A:B,A:A,B:B,B:B,A:A
25,A:A,B:B,B:B,A:A,B:B,B:B,B:B,B:B,B:B,B:B,A:B,B:B,B:B,A:B,A:A,B:B,A:A,B:B,B:B,A:A
25,A:A,B:B,B:B,B:B,A:B,B:B,A:B,B:B,B:B,B:B,A:A,A:B,B:B,A:B,A:A,B:B,A:A,B:B,B:B,A:A
25,A:A,B:B,B:B,A:A,A:B,B:B,B:B,B:B,B:B,B:B,A:A,A:B,B:B,A:B,A:A,A:B,A:A,B:B,B:B,A:A
25,A:A,B:B,A:B,A:A,A:B,B:B,B:B,B:B,B:B,B:B,A:A,B:B,B:B,B:B,A:A,B:B,A:A,B:B,B:B,A:A
25,A:A,B:B,B:B,A:A,B:B,B:B,B:B,B:B,B:B,B:B,A:A,B:B,B:B,A:B,A:A,B:B,A:A,B:B,B:B,A:A
25,A:B,A:B,A:B,A:A,B:B,B:B,B:B,B:B,A:B,B:B,A:B,B:B,B:B,A:A,A:A,B:B,A:A,B:B,B:B,A:A
25,A:A,B:B,A:B,A:A,A:B,B:B,A:B,B:B,B:B,B:B,A:A,A:B,B:B,A:A,A:A,B:B,A:A,B:B,B:B,A:B
25,A:B,B:B,A:A,A:B,B:B,B:B,A:B,B:B,B:B,B:B,A:A,A:B,B:B,A:A,A:A,B:B,A:A,B:B,B:B,A:A
